-0.0713373 -0.356686 -0.927385 0 0 0 0.000679348 0.05 
0.0713373 -0.356686 -0.927385 0 0 0 0.000679348 0.05 
-0.211782 -0.211782 -0.917723 0 0 0 0.000679348 0.05 
-0.0698266 -0.20948 -0.907746 0 0 0 0.000679348 0.05 
0.0698266 -0.20948 -0.907746 0 0 0 0.000679348 0.05 
0.211782 -0.211782 -0.917723 0 0 0 0.000679348 0.05 
-0.356686 -0.0713373 -0.927385 0 0 0 0.000679348 0.05 
-0.20948 -0.0698266 -0.907746 0 0 0 0.000679348 0.05 
-0.069033 -0.069033 -0.897429 0 0 0 0.000679348 0.05 
0.069033 -0.069033 -0.897429 0 0 0 0.000679348 0.05 
0.20948 -0.0698266 -0.907746 0 0 0 0.000679348 0.05 
0.356686 -0.0713373 -0.927385 0 0 0 0.000679348 0.05 
-0.356686 0.0713373 -0.927385 0 0 0 0.000679348 0.05 
-0.20948 0.0698266 -0.907746 0 0 0 0.000679348 0.05 
-0.069033 0.069033 -0.897429 0 0 0 0.000679348 0.05 
0.069033 0.069033 -0.897429 0 0 0 0.000679348 0.05 
0.20948 0.0698266 -0.907746 0 0 0 0.000679348 0.05 
0.356686 0.0713373 -0.927385 0 0 0 0.000679348 0.05 
-0.211782 0.211782 -0.917723 0 0 0 0.000679348 0.05 
-0.0698266 0.20948 -0.907746 0 0 0 0.000679348 0.05 
0.0698266 0.20948 -0.907746 0 0 0 0.000679348 0.05 
0.211782 0.211782 -0.917723 0 0 0 0.000679348 0.05 
-0.0713373 0.356686 -0.927385 0 0 0 0.000679348 0.05 
0.0713373 0.356686 -0.927385 0 0 0 0.000679348 0.05 
-0.356686 -0.499361 -0.78471 0 0 0 0.000679348 0.05 
-0.20948 -0.488787 -0.768093 0 0 0 0.000679348 0.05 
-0.069033 -0.483231 -0.759363 0 0 0 0.000679348 0.05 
0.069033 -0.483231 -0.759363 0 0 0 0.000679348 0.05 
0.20948 -0.488787 -0.768093 0 0 0 0.000679348 0.05 
0.356686 -0.499361 -0.78471 0 0 0 0.000679348 0.05 
-0.499361 -0.356686 -0.78471 0 0 0 0.000679348 0.05 
-0.345165 -0.345165 -0.759363 0 0 0 0.000679348 0.05 
-0.202075 -0.336791 -0.740941 0 0 0 0.000679348 0.05 
-0.0664718 -0.332359 -0.73119 0 0 0 0.000679348 0.05 
0.0664718 -0.332359 -0.73119 0 0 0 0.000679348 0.05 
0.202075 -0.336791 -0.740941 0 0 0 0.000679348 0.05 
0.345165 -0.345165 -0.759363 0 0 0 0.000679348 0.05 
0.499361 -0.356686 -0.78471 0 0 0 0.000679348 0.05 
-0.488787 -0.20948 -0.768093 0 0 0 0.000679348 0.05 
-0.336791 -0.202075 -0.740941 0 0 0 0.000679348 0.05 
-0.196645 -0.196645 -0.721032 0 0 0 0.000679348 0.05 
-0.0645841 -0.193752 -0.710425 0 0 0 0.000679348 0.05 
0.0645841 -0.193752 -0.710425 0 0 0 0.000679348 0.05 
0.196645 -0.196645 -0.721032 0 0 0 0.000679348 0.05 
0.336791 -0.202075 -0.740941 0 0 0 0.000679348 0.05 
0.488787 -0.20948 -0.768093 0 0 0 0.000679348 0.05 
-0.483231 -0.069033 -0.759363 0 0 0 0.000679348 0.05 
-0.332359 -0.0664718 -0.73119 0 0 0 0.000679348 0.05 
-0.193752 -0.0645841 -0.710425 0 0 0 0.000679348 0.05 
-0.0635747 -0.0635747 -0.699322 0 0 0 0.000679348 0.05 
0.0635747 -0.0635747 -0.699322 0 0 0 0.000679348 0.05 
0.193752 -0.0645841 -0.710425 0 0 0 0.000679348 0.05 
0.332359 -0.0664718 -0.73119 0 0 0 0.000679348 0.05 
0.483231 -0.069033 -0.759363 0 0 0 0.000679348 0.05 
-0.483231 0.069033 -0.759363 0 0 0 0.000679348 0.05 
-0.332359 0.0664718 -0.73119 0 0 0 0.000679348 0.05 
-0.193752 0.0645841 -0.710425 0 0 0 0.000679348 0.05 
-0.0635747 0.0635747 -0.699322 0 0 0 0.000679348 0.05 
0.0635747 0.0635747 -0.699322 0 0 0 0.000679348 0.05 
0.193752 0.0645841 -0.710425 0 0 0 0.000679348 0.05 
0.332359 0.0664718 -0.73119 0 0 0 0.000679348 0.05 
0.483231 0.069033 -0.759363 0 0 0 0.000679348 0.05 
-0.488787 0.20948 -0.768093 0 0 0 0.000679348 0.05 
-0.336791 0.202075 -0.740941 0 0 0 0.000679348 0.05 
-0.196645 0.196645 -0.721032 0 0 0 0.000679348 0.05 
-0.0645841 0.193752 -0.710425 0 0 0 0.000679348 0.05 
0.0645841 0.193752 -0.710425 0 0 0 0.000679348 0.05 
0.196645 0.196645 -0.721032 0 0 0 0.000679348 0.05 
0.336791 0.202075 -0.740941 0 0 0 0.000679348 0.05 
0.488787 0.20948 -0.768093 0 0 0 0.000679348 0.05 
-0.499361 0.356686 -0.78471 0 0 0 0.000679348 0.05 
-0.345165 0.345165 -0.759363 0 0 0 0.000679348 0.05 
-0.202075 0.336791 -0.740941 0 0 0 0.000679348 0.05 
-0.0664718 0.332359 -0.73119 0 0 0 0.000679348 0.05 
0.0664718 0.332359 -0.73119 0 0 0 0.000679348 0.05 
0.202075 0.336791 -0.740941 0 0 0 0.000679348 0.05 
0.345165 0.345165 -0.759363 0 0 0 0.000679348 0.05 
0.499361 0.356686 -0.78471 0 0 0 0.000679348 0.05 
-0.356686 0.499361 -0.78471 0 0 0 0.000679348 0.05 
-0.20948 0.488787 -0.768093 0 0 0 0.000679348 0.05 
-0.069033 0.483231 -0.759363 0 0 0 0.000679348 0.05 
0.069033 0.483231 -0.759363 0 0 0 0.000679348 0.05 
0.20948 0.488787 -0.768093 0 0 0 0.000679348 0.05 
0.356686 0.499361 -0.78471 0 0 0 0.000679348 0.05 
-0.35297 -0.635347 -0.635347 0 0 0 0.000679348 0.05 
-0.207099 -0.621297 -0.621297 0 0 0 0.000679348 0.05 
-0.0682111 -0.6139 -0.6139 0 0 0 0.000679348 0.05 
0.0682111 -0.6139 -0.6139 0 0 0 0.000679348 0.05 
0.207099 -0.621297 -0.621297 0 0 0 0.000679348 0.05 
0.35297 -0.635347 -0.635347 0 0 0 0.000679348 0.05 
-0.488787 -0.488787 -0.62844 0 0 0 0.000679348 0.05 
-0.336791 -0.471508 -0.606224 0 0 0 0.000679348 0.05 
-0.196645 -0.458838 -0.589935 0 0 0 0.000679348 0.05 
-0.0645841 -0.452089 -0.581257 0 0 0 0.000679348 0.05 
0.0645841 -0.452089 -0.581257 0 0 0 0.000679348 0.05 
0.196645 -0.458838 -0.589935 0 0 0 0.000679348 0.05 
0.336791 -0.471508 -0.606224 0 0 0 0.000679348 0.05 
0.488787 -0.488787 -0.62844 0 0 0 0.000679348 0.05 
-0.635347 -0.35297 -0.635347 0 0 0 0.000679348 0.05 
-0.471508 -0.336791 -0.606224 0 0 0 0.000679348 0.05 
-0.322921 -0.322921 -0.581257 0 0 0 0.000679348 0.05 
-0.187544 -0.312574 -0.562633 0 0 0 0.000679348 0.05 
-0.061398 -0.30699 -0.552582 0 0 0 0.000679348 0.05 
0.061398 -0.30699 -0.552582 0 0 0 0.000679348 0.05 
0.187544 -0.312574 -0.562633 0 0 0 0.000679348 0.05 
0.322921 -0.322921 -0.581257 0 0 0 0.000679348 0.05 
0.471508 -0.336791 -0.606224 0 0 0 0.000679348 0.05 
0.635347 -0.35297 -0.635347 0 0 0 0.000679348 0.05 
-0.621297 -0.207099 -0.621297 0 0 0 0.000679348 0.05 
-0.458838 -0.196645 -0.589935 0 0 0 0.000679348 0.05 
-0.312574 -0.187544 -0.562633 0 0 0 0.000679348 0.05 
-0.18065 -0.18065 -0.54195 0 0 0 0.000679348 0.05 
-0.0589615 -0.176884 -0.530653 0 0 0 0.000679348 0.05 
0.0589615 -0.176884 -0.530653 0 0 0 0.000679348 0.05 
0.18065 -0.18065 -0.54195 0 0 0 0.000679348 0.05 
0.312574 -0.187544 -0.562633 0 0 0 0.000679348 0.05 
0.458838 -0.196645 -0.589935 0 0 0 0.000679348 0.05 
0.621297 -0.207099 -0.621297 0 0 0 0.000679348 0.05 
-0.6139 -0.0682111 -0.6139 0 0 0 0.000679348 0.05 
-0.452089 -0.0645841 -0.581257 0 0 0 0.000679348 0.05 
-0.30699 -0.061398 -0.552582 0 0 0 0.000679348 0.05 
-0.176884 -0.0589615 -0.530653 0 0 0 0.000679348 0.05 
-0.0576206 -0.0576206 -0.518585 0 0 0 0.000679348 0.05 
0.0576206 -0.0576206 -0.518585 0 0 0 0.000679348 0.05 
0.176884 -0.0589615 -0.530653 0 0 0 0.000679348 0.05 
0.30699 -0.061398 -0.552582 0 0 0 0.000679348 0.05 
0.452089 -0.0645841 -0.581257 0 0 0 0.000679348 0.05 
0.6139 -0.0682111 -0.6139 0 0 0 0.000679348 0.05 
-0.6139 0.0682111 -0.6139 0 0 0 0.000679348 0.05 
-0.452089 0.0645841 -0.581257 0 0 0 0.000679348 0.05 
-0.30699 0.061398 -0.552582 0 0 0 0.000679348 0.05 
-0.176884 0.0589615 -0.530653 0 0 0 0.000679348 0.05 
-0.0576206 0.0576206 -0.518585 0 0 0 0.000679348 0.05 
0.0576206 0.0576206 -0.518585 0 0 0 0.000679348 0.05 
0.176884 0.0589615 -0.530653 0 0 0 0.000679348 0.05 
0.30699 0.061398 -0.552582 0 0 0 0.000679348 0.05 
0.452089 0.0645841 -0.581257 0 0 0 0.000679348 0.05 
0.6139 0.0682111 -0.6139 0 0 0 0.000679348 0.05 
-0.621297 0.207099 -0.621297 0 0 0 0.000679348 0.05 
-0.458838 0.196645 -0.589935 0 0 0 0.000679348 0.05 
-0.312574 0.187544 -0.562633 0 0 0 0.000679348 0.05 
-0.18065 0.18065 -0.54195 0 0 0 0.000679348 0.05 
-0.0589615 0.176884 -0.530653 0 0 0 0.000679348 0.05 
0.0589615 0.176884 -0.530653 0 0 0 0.000679348 0.05 
0.18065 0.18065 -0.54195 0 0 0 0.000679348 0.05 
0.312574 0.187544 -0.562633 0 0 0 0.000679348 0.05 
0.458838 0.196645 -0.589935 0 0 0 0.000679348 0.05 
0.621297 0.207099 -0.621297 0 0 0 0.000679348 0.05 
-0.635347 0.35297 -0.635347 0 0 0 0.000679348 0.05 
-0.471508 0.336791 -0.606224 0 0 0 0.000679348 0.05 
-0.322921 0.322921 -0.581257 0 0 0 0.000679348 0.05 
-0.187544 0.312574 -0.562633 0 0 0 0.000679348 0.05 
-0.061398 0.30699 -0.552582 0 0 0 0.000679348 0.05 
0.061398 0.30699 -0.552582 0 0 0 0.000679348 0.05 
0.187544 0.312574 -0.562633 0 0 0 0.000679348 0.05 
0.322921 0.322921 -0.581257 0 0 0 0.000679348 0.05 
0.471508 0.336791 -0.606224 0 0 0 0.000679348 0.05 
0.635347 0.35297 -0.635347 0 0 0 0.000679348 0.05 
-0.488787 0.488787 -0.62844 0 0 0 0.000679348 0.05 
-0.336791 0.471508 -0.606224 0 0 0 0.000679348 0.05 
-0.196645 0.458838 -0.589935 0 0 0 0.000679348 0.05 
-0.0645841 0.452089 -0.581257 0 0 0 0.000679348 0.05 
0.0645841 0.452089 -0.581257 0 0 0 0.000679348 0.05 
0.196645 0.458838 -0.589935 0 0 0 0.000679348 0.05 
0.336791 0.471508 -0.606224 0 0 0 0.000679348 0.05 
0.488787 0.488787 -0.62844 0 0 0 0.000679348 0.05 
-0.35297 0.635347 -0.635347 0 0 0 0.000679348 0.05 
-0.207099 0.621297 -0.621297 0 0 0 0.000679348 0.05 
-0.0682111 0.6139 -0.6139 0 0 0 0.000679348 0.05 
0.0682111 0.6139 -0.6139 0 0 0 0.000679348 0.05 
0.207099 0.621297 -0.621297 0 0 0 0.000679348 0.05 
0.35297 0.635347 -0.635347 0 0 0 0.000679348 0.05 
-0.356686 -0.78471 -0.499361 0 0 0 0.000679348 0.05 
-0.20948 -0.768093 -0.488787 0 0 0 0.000679348 0.05 
-0.069033 -0.759363 -0.483231 0 0 0 0.000679348 0.05 
0.069033 -0.759363 -0.483231 0 0 0 0.000679348 0.05 
0.20948 -0.768093 -0.488787 0 0 0 0.000679348 0.05 
0.356686 -0.78471 -0.499361 0 0 0 0.000679348 0.05 
-0.488787 -0.62844 -0.488787 0 0 0 0.000679348 0.05 
-0.336791 -0.606224 -0.471508 0 0 0 0.000679348 0.05 
-0.196645 -0.589935 -0.458838 0 0 0 0.000679348 0.05 
-0.0645841 -0.581257 -0.452089 0 0 0 0.000679348 0.05 
0.0645841 -0.581257 -0.452089 0 0 0 0.000679348 0.05 
0.196645 -0.589935 -0.458838 0 0 0 0.000679348 0.05 
0.336791 -0.606224 -0.471508 0 0 0 0.000679348 0.05 
0.488787 -0.62844 -0.488787 0 0 0 0.000679348 0.05 
-0.62844 -0.488787 -0.488787 0 0 0 0.000679348 0.05 
-0.465302 -0.465302 -0.465302 0 0 0 0.000679348 0.05 
-0.317873 -0.445023 -0.445023 0 0 0 0.000679348 0.05 
-0.184194 -0.429786 -0.429786 0 0 0 0.000679348 0.05 
-0.0602167 -0.421517 -0.421517 0 0 0 0.000679348 0.05 
0.0602167 -0.421517 -0.421517 0 0 0 0.000679348 0.05 
0.184194 -0.429786 -0.429786 0 0 0 0.000679348 0.05 
0.317873 -0.445023 -0.445023 0 0 0 0.000679348 0.05 
0.465302 -0.465302 -0.465302 0 0 0 0.000679348 0.05 
0.62844 -0.488787 -0.488787 0 0 0 0.000679348 0.05 
-0.78471 -0.356686 -0.499361 0 0 0 0.000679348 0.05 
-0.606224 -0.336791 -0.471508 0 0 0 0.000679348 0.05 
-0.445023 -0.317873 -0.445023 0 0 0 0.000679348 0.05 
-0.301083 -0.301083 -0.421517 0 0 0 0.000679348 0.05 
-0.172862 -0.288103 -0.403344 0 0 0 0.000679348 0.05 
-0.0561789 -0.280895 -0.393252 0 0 0 0.000679348 0.05 
0.0561789 -0.280895 -0.393252 0 0 0 0.000679348 0.05 
0.172862 -0.288103 -0.403344 0 0 0 0.000679348 0.05 
0.301083 -0.301083 -0.421517 0 0 0 0.000679348 0.05 
0.445023 -0.317873 -0.445023 0 0 0 0.000679348 0.05 
0.606224 -0.336791 -0.471508 0 0 0 0.000679348 0.05 
0.78471 -0.356686 -0.499361 0 0 0 0.000679348 0.05 
-0.768093 -0.20948 -0.488787 0 0 0 0.000679348 0.05 
-0.589935 -0.196645 -0.458838 0 0 0 0.000679348 0.05 
-0.429786 -0.184194 -0.429786 0 0 0 0.000679348 0.05 
-0.288103 -0.172862 -0.403344 0 0 0 0.000679348 0.05 
-0.163851 -0.163851 -0.382318 0 0 0 0.000679348 0.05 
-0.052908 -0.158724 -0.370356 0 0 0 0.000679348 0.05 
0.052908 -0.158724 -0.370356 0 0 0 0.000679348 0.05 
0.163851 -0.163851 -0.382318 0 0 0 0.000679348 0.05 
0.288103 -0.172862 -0.403344 0 0 0 0.000679348 0.05 
0.429786 -0.184194 -0.429786 0 0 0 0.000679348 0.05 
0.589935 -0.196645 -0.458838 0 0 0 0.000679348 0.05 
0.768093 -0.20948 -0.488787 0 0 0 0.000679348 0.05 
-0.759363 -0.069033 -0.483231 0 0 0 0.000679348 0.05 
-0.581257 -0.0645841 -0.452089 0 0 0 0.000679348 0.05 
-0.421517 -0.0602167 -0.421517 0 0 0 0.000679348 0.05 
-0.280895 -0.0561789 -0.393252 0 0 0 0.000679348 0.05 
-0.158724 -0.052908 -0.370356 0 0 0 0.000679348 0.05 
-0.0510153 -0.0510153 -0.357107 0 0 0 0.000679348 0.05 
0.0510153 -0.0510153 -0.357107 0 0 0 0.000679348 0.05 
0.158724 -0.052908 -0.370356 0 0 0 0.000679348 0.05 
0.280895 -0.0561789 -0.393252 0 0 0 0.000679348 0.05 
0.421517 -0.0602167 -0.421517 0 0 0 0.000679348 0.05 
0.581257 -0.0645841 -0.452089 0 0 0 0.000679348 0.05 
0.759363 -0.069033 -0.483231 0 0 0 0.000679348 0.05 
-0.759363 0.069033 -0.483231 0 0 0 0.000679348 0.05 
-0.581257 0.0645841 -0.452089 0 0 0 0.000679348 0.05 
-0.421517 0.0602167 -0.421517 0 0 0 0.000679348 0.05 
-0.280895 0.0561789 -0.393252 0 0 0 0.000679348 0.05 
-0.158724 0.052908 -0.370356 0 0 0 0.000679348 0.05 
-0.0510153 0.0510153 -0.357107 0 0 0 0.000679348 0.05 
0.0510153 0.0510153 -0.357107 0 0 0 0.000679348 0.05 
0.158724 0.052908 -0.370356 0 0 0 0.000679348 0.05 
0.280895 0.0561789 -0.393252 0 0 0 0.000679348 0.05 
0.421517 0.0602167 -0.421517 0 0 0 0.000679348 0.05 
0.581257 0.0645841 -0.452089 0 0 0 0.000679348 0.05 
0.759363 0.069033 -0.483231 0 0 0 0.000679348 0.05 
-0.768093 0.20948 -0.488787 0 0 0 0.000679348 0.05 
-0.589935 0.196645 -0.458838 0 0 0 0.000679348 0.05 
-0.429786 0.184194 -0.429786 0 0 0 0.000679348 0.05 
-0.288103 0.172862 -0.403344 0 0 0 0.000679348 0.05 
-0.163851 0.163851 -0.382318 0 0 0 0.000679348 0.05 
-0.052908 0.158724 -0.370356 0 0 0 0.000679348 0.05 
0.052908 0.158724 -0.370356 0 0 0 0.000679348 0.05 
0.163851 0.163851 -0.382318 0 0 0 0.000679348 0.05 
0.288103 0.172862 -0.403344 0 0 0 0.000679348 0.05 
0.429786 0.184194 -0.429786 0 0 0 0.000679348 0.05 
0.589935 0.196645 -0.458838 0 0 0 0.000679348 0.05 
0.768093 0.20948 -0.488787 0 0 0 0.000679348 0.05 
-0.78471 0.356686 -0.499361 0 0 0 0.000679348 0.05 
-0.606224 0.336791 -0.471508 0 0 0 0.000679348 0.05 
-0.445023 0.317873 -0.445023 0 0 0 0.000679348 0.05 
-0.301083 0.301083 -0.421517 0 0 0 0.000679348 0.05 
-0.172862 0.288103 -0.403344 0 0 0 0.000679348 0.05 
-0.0561789 0.280895 -0.393252 0 0 0 0.000679348 0.05 
0.0561789 0.280895 -0.393252 0 0 0 0.000679348 0.05 
0.172862 0.288103 -0.403344 0 0 0 0.000679348 0.05 
0.301083 0.301083 -0.421517 0 0 0 0.000679348 0.05 
0.445023 0.317873 -0.445023 0 0 0 0.000679348 0.05 
0.606224 0.336791 -0.471508 0 0 0 0.000679348 0.05 
0.78471 0.356686 -0.499361 0 0 0 0.000679348 0.05 
-0.62844 0.488787 -0.488787 0 0 0 0.000679348 0.05 
-0.465302 0.465302 -0.465302 0 0 0 0.000679348 0.05 
-0.317873 0.445023 -0.445023 0 0 0 0.000679348 0.05 
-0.184194 0.429786 -0.429786 0 0 0 0.000679348 0.05 
-0.0602167 0.421517 -0.421517 0 0 0 0.000679348 0.05 
0.0602167 0.421517 -0.421517 0 0 0 0.000679348 0.05 
0.184194 0.429786 -0.429786 0 0 0 0.000679348 0.05 
0.317873 0.445023 -0.445023 0 0 0 0.000679348 0.05 
0.465302 0.465302 -0.465302 0 0 0 0.000679348 0.05 
0.62844 0.488787 -0.488787 0 0 0 0.000679348 0.05 
-0.488787 0.62844 -0.488787 0 0 0 0.000679348 0.05 
-0.336791 0.606224 -0.471508 0 0 0 0.000679348 0.05 
-0.196645 0.589935 -0.458838 0 0 0 0.000679348 0.05 
-0.0645841 0.581257 -0.452089 0 0 0 0.000679348 0.05 
0.0645841 0.581257 -0.452089 0 0 0 0.000679348 0.05 
0.196645 0.589935 -0.458838 0 0 0 0.000679348 0.05 
0.336791 0.606224 -0.471508 0 0 0 0.000679348 0.05 
0.488787 0.62844 -0.488787 0 0 0 0.000679348 0.05 
-0.356686 0.78471 -0.499361 0 0 0 0.000679348 0.05 
-0.20948 0.768093 -0.488787 0 0 0 0.000679348 0.05 
-0.069033 0.759363 -0.483231 0 0 0 0.000679348 0.05 
0.069033 0.759363 -0.483231 0 0 0 0.000679348 0.05 
0.20948 0.768093 -0.488787 0 0 0 0.000679348 0.05 
0.356686 0.78471 -0.499361 0 0 0 0.000679348 0.05 
-0.0713373 -0.927385 -0.356686 0 0 0 0.000679348 0.05 
0.0713373 -0.927385 -0.356686 0 0 0 0.000679348 0.05 
-0.499361 -0.78471 -0.356686 0 0 0 0.000679348 0.05 
-0.345165 -0.759363 -0.345165 0 0 0 0.000679348 0.05 
-0.202075 -0.740941 -0.336791 0 0 0 0.000679348 0.05 
-0.0664718 -0.73119 -0.332359 0 0 0 0.000679348 0.05 
0.0664718 -0.73119 -0.332359 0 0 0 0.000679348 0.05 
0.202075 -0.740941 -0.336791 0 0 0 0.000679348 0.05 
0.345165 -0.759363 -0.345165 0 0 0 0.000679348 0.05 
0.499361 -0.78471 -0.356686 0 0 0 0.000679348 0.05 
-0.635347 -0.635347 -0.35297 0 0 0 0.000679348 0.05 
-0.471508 -0.606224 -0.336791 0 0 0 0.000679348 0.05 
-0.322921 -0.581257 -0.322921 0 0 0 0.000679348 0.05 
-0.187544 -0.562633 -0.312574 0 0 0 0.000679348 0.05 
-0.061398 -0.552582 -0.30699 0 0 0 0.000679348 0.05 
0.061398 -0.552582 -0.30699 0 0 0 0.000679348 0.05 
0.187544 -0.562633 -0.312574 0 0 0 0.000679348 0.05 
0.322921 -0.581257 -0.322921 0 0 0 0.000679348 0.05 
0.471508 -0.606224 -0.336791 0 0 0 0.000679348 0.05 
0.635347 -0.635347 -0.35297 0 0 0 0.000679348 0.05 
-0.78471 -0.499361 -0.356686 0 0 0 0.000679348 0.05 
-0.606224 -0.471508 -0.336791 0 0 0 0.000679348 0.05 
-0.445023 -0.445023 -0.317873 0 0 0 0.000679348 0.05 
-0.301083 -0.421517 -0.301083 0 0 0 0.000679348 0.05 
-0.172862 -0.403344 -0.288103 0 0 0 0.000679348 0.05 
-0.0561789 -0.393252 -0.280895 0 0 0 0.000679348 0.05 
0.0561789 -0.393252 -0.280895 0 0 0 0.000679348 0.05 
0.172862 -0.403344 -0.288103 0 0 0 0.000679348 0.05 
0.301083 -0.421517 -0.301083 0 0 0 0.000679348 0.05 
0.445023 -0.445023 -0.317873 0 0 0 0.000679348 0.05 
0.606224 -0.471508 -0.336791 0 0 0 0.000679348 0.05 
0.78471 -0.499361 -0.356686 0 0 0 0.000679348 0.05 
-0.759363 -0.345165 -0.345165 0 0 0 0.000679348 0.05 
-0.581257 -0.322921 -0.322921 0 0 0 0.000679348 0.05 
-0.421517 -0.301083 -0.301083 0 0 0 0.000679348 0.05 
-0.280895 -0.280895 -0.280895 0 0 0 0.000679348 0.05 
-0.158724 -0.26454 -0.26454 0 0 0 0.000679348 0.05 
-0.0510153 -0.255077 -0.255077 0 0 0 0.000679348 0.05 
0.0510153 -0.255077 -0.255077 0 0 0 0.000679348 0.05 
0.158724 -0.26454 -0.26454 0 0 0 0.000679348 0.05 
0.280895 -0.280895 -0.280895 0 0 0 0.000679348 0.05 
0.421517 -0.301083 -0.301083 0 0 0 0.000679348 0.05 
0.581257 -0.322921 -0.322921 0 0 0 0.000679348 0.05 
0.759363 -0.345165 -0.345165 0 0 0 0.000679348 0.05 
-0.740941 -0.202075 -0.336791 0 0 0 0.000679348 0.05 
-0.562633 -0.187544 -0.312574 0 0 0 0.000679348 0.05 
-0.403344 -0.172862 -0.288103 0 0 0 0.000679348 0.05 
-0.26454 -0.158724 -0.26454 0 0 0 0.000679348 0.05 
-0.146655 -0.146655 -0.244425 0 0 0 0.000679348 0.05 
-0.0464328 -0.139298 -0.232164 0 0 0 0.000679348 0.05 
0.0464328 -0.139298 -0.232164 0 0 0 0.000679348 0.05 
0.146655 -0.146655 -0.244425 0 0 0 0.000679348 0.05 
0.26454 -0.158724 -0.26454 0 0 0 0.000679348 0.05 
0.403344 -0.172862 -0.288103 0 0 0 0.000679348 0.05 
0.562633 -0.187544 -0.312574 0 0 0 0.000679348 0.05 
0.740941 -0.202075 -0.336791 0 0 0 0.000679348 0.05 
-0.927385 -0.0713373 -0.356686 0 0 0 0.000679348 0.05 
-0.73119 -0.0664718 -0.332359 0 0 0 0.000679348 0.05 
-0.552582 -0.061398 -0.30699 0 0 0 0.000679348 0.05 
-0.393252 -0.0561789 -0.280895 0 0 0 0.000679348 0.05 
-0.255077 -0.0510153 -0.255077 0 0 0 0.000679348 0.05 
-0.139298 -0.0464328 -0.232164 0 0 0 0.000679348 0.05 
-0.043516 -0.043516 -0.21758 0 0 0 0.000679348 0.05 
0.043516 -0.043516 -0.21758 0 0 0 0.000679348 0.05 
0.139298 -0.0464328 -0.232164 0 0 0 0.000679348 0.05 
0.255077 -0.0510153 -0.255077 0 0 0 0.000679348 0.05 
0.393252 -0.0561789 -0.280895 0 0 0 0.000679348 0.05 
0.552582 -0.061398 -0.30699 0 0 0 0.000679348 0.05 
0.73119 -0.0664718 -0.332359 0 0 0 0.000679348 0.05 
0.927385 -0.0713373 -0.356686 0 0 0 0.000679348 0.05 
-0.927385 0.0713373 -0.356686 0 0 0 0.000679348 0.05 
-0.73119 0.0664718 -0.332359 0 0 0 0.000679348 0.05 
-0.552582 0.061398 -0.30699 0 0 0 0.000679348 0.05 
-0.393252 0.0561789 -0.280895 0 0 0 0.000679348 0.05 
-0.255077 0.0510153 -0.255077 0 0 0 0.000679348 0.05 
-0.139298 0.0464328 -0.232164 0 0 0 0.000679348 0.05 
-0.043516 0.043516 -0.21758 0 0 0 0.000679348 0.05 
0.043516 0.043516 -0.21758 0 0 0 0.000679348 0.05 
0.139298 0.0464328 -0.232164 0 0 0 0.000679348 0.05 
0.255077 0.0510153 -0.255077 0 0 0 0.000679348 0.05 
0.393252 0.0561789 -0.280895 0 0 0 0.000679348 0.05 
0.552582 0.061398 -0.30699 0 0 0 0.000679348 0.05 
0.73119 0.0664718 -0.332359 0 0 0 0.000679348 0.05 
0.927385 0.0713373 -0.356686 0 0 0 0.000679348 0.05 
-0.740941 0.202075 -0.336791 0 0 0 0.000679348 0.05 
-0.562633 0.187544 -0.312574 0 0 0 0.000679348 0.05 
-0.403344 0.172862 -0.288103 0 0 0 0.000679348 0.05 
-0.26454 0.158724 -0.26454 0 0 0 0.000679348 0.05 
-0.146655 0.146655 -0.244425 0 0 0 0.000679348 0.05 
-0.0464328 0.139298 -0.232164 0 0 0 0.000679348 0.05 
0.0464328 0.139298 -0.232164 0 0 0 0.000679348 0.05 
0.146655 0.146655 -0.244425 0 0 0 0.000679348 0.05 
0.26454 0.158724 -0.26454 0 0 0 0.000679348 0.05 
0.403344 0.172862 -0.288103 0 0 0 0.000679348 0.05 
0.562633 0.187544 -0.312574 0 0 0 0.000679348 0.05 
0.740941 0.202075 -0.336791 0 0 0 0.000679348 0.05 
-0.759363 0.345165 -0.345165 0 0 0 0.000679348 0.05 
-0.581257 0.322921 -0.322921 0 0 0 0.000679348 0.05 
-0.421517 0.301083 -0.301083 0 0 0 0.000679348 0.05 
-0.280895 0.280895 -0.280895 0 0 0 0.000679348 0.05 
-0.158724 0.26454 -0.26454 0 0 0 0.000679348 0.05 
-0.0510153 0.255077 -0.255077 0 0 0 0.000679348 0.05 
0.0510153 0.255077 -0.255077 0 0 0 0.000679348 0.05 
0.158724 0.26454 -0.26454 0 0 0 0.000679348 0.05 
0.280895 0.280895 -0.280895 0 0 0 0.000679348 0.05 
0.421517 0.301083 -0.301083 0 0 0 0.000679348 0.05 
0.581257 0.322921 -0.322921 0 0 0 0.000679348 0.05 
0.759363 0.345165 -0.345165 0 0 0 0.000679348 0.05 
-0.78471 0.499361 -0.356686 0 0 0 0.000679348 0.05 
-0.606224 0.471508 -0.336791 0 0 0 0.000679348 0.05 
-0.445023 0.445023 -0.317873 0 0 0 0.000679348 0.05 
-0.301083 0.421517 -0.301083 0 0 0 0.000679348 0.05 
-0.172862 0.403344 -0.288103 0 0 0 0.000679348 0.05 
-0.0561789 0.393252 -0.280895 0 0 0 0.000679348 0.05 
0.0561789 0.393252 -0.280895 0 0 0 0.000679348 0.05 
0.172862 0.403344 -0.288103 0 0 0 0.000679348 0.05 
0.301083 0.421517 -0.301083 0 0 0 0.000679348 0.05 
0.445023 0.445023 -0.317873 0 0 0 0.000679348 0.05 
0.606224 0.471508 -0.336791 0 0 0 0.000679348 0.05 
0.78471 0.499361 -0.356686 0 0 0 0.000679348 0.05 
-0.635347 0.635347 -0.35297 0 0 0 0.000679348 0.05 
-0.471508 0.606224 -0.336791 0 0 0 0.000679348 0.05 
-0.322921 0.581257 -0.322921 0 0 0 0.000679348 0.05 
-0.187544 0.562633 -0.312574 0 0 0 0.000679348 0.05 
-0.061398 0.552582 -0.30699 0 0 0 0.000679348 0.05 
0.061398 0.552582 -0.30699 0 0 0 0.000679348 0.05 
0.187544 0.562633 -0.312574 0 0 0 0.000679348 0.05 
0.322921 0.581257 -0.322921 0 0 0 0.000679348 0.05 
0.471508 0.606224 -0.336791 0 0 0 0.000679348 0.05 
0.635347 0.635347 -0.35297 0 0 0 0.000679348 0.05 
-0.499361 0.78471 -0.356686 0 0 0 0.000679348 0.05 
-0.345165 0.759363 -0.345165 0 0 0 0.000679348 0.05 
-0.202075 0.740941 -0.336791 0 0 0 0.000679348 0.05 
-0.0664718 0.73119 -0.332359 0 0 0 0.000679348 0.05 
0.0664718 0.73119 -0.332359 0 0 0 0.000679348 0.05 
0.202075 0.740941 -0.336791 0 0 0 0.000679348 0.05 
0.345165 0.759363 -0.345165 0 0 0 0.000679348 0.05 
0.499361 0.78471 -0.356686 0 0 0 0.000679348 0.05 
-0.0713373 0.927385 -0.356686 0 0 0 0.000679348 0.05 
0.0713373 0.927385 -0.356686 0 0 0 0.000679348 0.05 
-0.211782 -0.917723 -0.211782 0 0 0 0.000679348 0.05 
-0.0698266 -0.907746 -0.20948 0 0 0 0.000679348 0.05 
0.0698266 -0.907746 -0.20948 0 0 0 0.000679348 0.05 
0.211782 -0.917723 -0.211782 0 0 0 0.000679348 0.05 
-0.488787 -0.768093 -0.20948 0 0 0 0.000679348 0.05 
-0.336791 -0.740941 -0.202075 0 0 0 0.000679348 0.05 
-0.196645 -0.721032 -0.196645 0 0 0 0.000679348 0.05 
-0.0645841 -0.710425 -0.193752 0 0 0 0.000679348 0.05 
0.0645841 -0.710425 -0.193752 0 0 0 0.000679348 0.05 
0.196645 -0.721032 -0.196645 0 0 0 0.000679348 0.05 
0.336791 -0.740941 -0.202075 0 0 0 0.000679348 0.05 
0.488787 -0.768093 -0.20948 0 0 0 0.000679348 0.05 
-0.621297 -0.621297 -0.207099 0 0 0 0.000679348 0.05 
-0.458838 -0.589935 -0.196645 0 0 0 0.000679348 0.05 
-0.312574 -0.562633 -0.187544 0 0 0 0.000679348 0.05 
-0.18065 -0.54195 -0.18065 0 0 0 0.000679348 0.05 
-0.0589615 -0.530653 -0.176884 0 0 0 0.000679348 0.05 
0.0589615 -0.530653 -0.176884 0 0 0 0.000679348 0.05 
0.18065 -0.54195 -0.18065 0 0 0 0.000679348 0.05 
0.312574 -0.562633 -0.187544 0 0 0 0.000679348 0.05 
0.458838 -0.589935 -0.196645 0 0 0 0.000679348 0.05 
0.621297 -0.621297 -0.207099 0 0 0 0.000679348 0.05 
-0.768093 -0.488787 -0.20948 0 0 0 0.000679348 0.05 
-0.589935 -0.458838 -0.196645 0 0 0 0.000679348 0.05 
-0.429786 -0.429786 -0.184194 0 0 0 0.000679348 0.05 
-0.288103 -0.403344 -0.172862 0 0 0 0.000679348 0.05 
-0.163851 -0.382318 -0.163851 0 0 0 0.000679348 0.05 
-0.052908 -0.370356 -0.158724 0 0 0 0.000679348 0.05 
0.052908 -0.370356 -0.158724 0 0 0 0.000679348 0.05 
0.163851 -0.382318 -0.163851 0 0 0 0.000679348 0.05 
0.288103 -0.403344 -0.172862 0 0 0 0.000679348 0.05 
0.429786 -0.429786 -0.184194 0 0 0 0.000679348 0.05 
0.589935 -0.458838 -0.196645 0 0 0 0.000679348 0.05 
0.768093 -0.488787 -0.20948 0 0 0 0.000679348 0.05 
-0.740941 -0.336791 -0.202075 0 0 0 0.000679348 0.05 
-0.562633 -0.312574 -0.187544 0 0 0 0.000679348 0.05 
-0.403344 -0.288103 -0.172862 0 0 0 0.000679348 0.05 
-0.26454 -0.26454 -0.158724 0 0 0 0.000679348 0.05 
-0.146655 -0.244425 -0.146655 0 0 0 0.000679348 0.05 
-0.0464328 -0.232164 -0.139298 0 0 0 0.000679348 0.05 
0.0464328 -0.232164 -0.139298 0 0 0 0.000679348 0.05 
0.146655 -0.244425 -0.146655 0 0 0 0.000679348 0.05 
0.26454 -0.26454 -0.158724 0 0 0 0.000679348 0.05 
0.403344 -0.288103 -0.172862 0 0 0 0.000679348 0.05 
0.562633 -0.312574 -0.187544 0 0 0 0.000679348 0.05 
0.740941 -0.336791 -0.202075 0 0 0 0.000679348 0.05 
-0.917723 -0.211782 -0.211782 0 0 0 0.000679348 0.05 
-0.721032 -0.196645 -0.196645 0 0 0 0.000679348 0.05 
-0.54195 -0.18065 -0.18065 0 0 0 0.000679348 0.05 
-0.382318 -0.163851 -0.163851 0 0 0 0.000679348 0.05 
-0.244425 -0.146655 -0.146655 0 0 0 0.000679348 0.05 
-0.130548 -0.130548 -0.130548 0 0 0 0.000679348 0.05 
-0.0398562 -0.119569 -0.119569 0 0 0 0.000679348 0.05 
0.0398562 -0.119569 -0.119569 0 0 0 0.000679348 0.05 
0.130548 -0.130548 -0.130548 0 0 0 0.000679348 0.05 
0.244425 -0.146655 -0.146655 0 0 0 0.000679348 0.05 
0.382318 -0.163851 -0.163851 0 0 0 0.000679348 0.05 
0.54195 -0.18065 -0.18065 0 0 0 0.000679348 0.05 
0.721032 -0.196645 -0.196645 0 0 0 0.000679348 0.05 
0.917723 -0.211782 -0.211782 0 0 0 0.000679348 0.05 
-0.907746 -0.0698266 -0.20948 0 0 0 0.000679348 0.05 
-0.710425 -0.0645841 -0.193752 0 0 0 0.000679348 0.05 
-0.530653 -0.0589615 -0.176884 0 0 0 0.000679348 0.05 
-0.370356 -0.052908 -0.158724 0 0 0 0.000679348 0.05 
-0.232164 -0.0464328 -0.139298 0 0 0 0.000679348 0.05 
-0.119569 -0.0398562 -0.119569 0 0 0 0.000679348 0.05 
-0.0347661 -0.0347661 -0.104298 0 0 0 0.000679348 0.05 
0.0347661 -0.0347661 -0.104298 0 0 0 0.000679348 0.05 
0.119569 -0.0398562 -0.119569 0 0 0 0.000679348 0.05 
0.232164 -0.0464328 -0.139298 0 0 0 0.000679348 0.05 
0.370356 -0.052908 -0.158724 0 0 0 0.000679348 0.05 
0.530653 -0.0589615 -0.176884 0 0 0 0.000679348 0.05 
0.710425 -0.0645841 -0.193752 0 0 0 0.000679348 0.05 
0.907746 -0.0698266 -0.20948 0 0 0 0.000679348 0.05 
-0.907746 0.0698266 -0.20948 0 0 0 0.000679348 0.05 
-0.710425 0.0645841 -0.193752 0 0 0 0.000679348 0.05 
-0.530653 0.0589615 -0.176884 0 0 0 0.000679348 0.05 
-0.370356 0.052908 -0.158724 0 0 0 0.000679348 0.05 
-0.232164 0.0464328 -0.139298 0 0 0 0.000679348 0.05 
-0.119569 0.0398562 -0.119569 0 0 0 0.000679348 0.05 
-0.0347661 0.0347661 -0.104298 0 0 0 0.000679348 0.05 
0.0347661 0.0347661 -0.104298 0 0 0 0.000679348 0.05 
0.119569 0.0398562 -0.119569 0 0 0 0.000679348 0.05 
0.232164 0.0464328 -0.139298 0 0 0 0.000679348 0.05 
0.370356 0.052908 -0.158724 0 0 0 0.000679348 0.05 
0.530653 0.0589615 -0.176884 0 0 0 0.000679348 0.05 
0.710425 0.0645841 -0.193752 0 0 0 0.000679348 0.05 
0.907746 0.0698266 -0.20948 0 0 0 0.000679348 0.05 
-0.917723 0.211782 -0.211782 0 0 0 0.000679348 0.05 
-0.721032 0.196645 -0.196645 0 0 0 0.000679348 0.05 
-0.54195 0.18065 -0.18065 0 0 0 0.000679348 0.05 
-0.382318 0.163851 -0.163851 0 0 0 0.000679348 0.05 
-0.244425 0.146655 -0.146655 0 0 0 0.000679348 0.05 
-0.130548 0.130548 -0.130548 0 0 0 0.000679348 0.05 
-0.0398562 0.119569 -0.119569 0 0 0 0.000679348 0.05 
0.0398562 0.119569 -0.119569 0 0 0 0.000679348 0.05 
0.130548 0.130548 -0.130548 0 0 0 0.000679348 0.05 
0.244425 0.146655 -0.146655 0 0 0 0.000679348 0.05 
0.382318 0.163851 -0.163851 0 0 0 0.000679348 0.05 
0.54195 0.18065 -0.18065 0 0 0 0.000679348 0.05 
0.721032 0.196645 -0.196645 0 0 0 0.000679348 0.05 
0.917723 0.211782 -0.211782 0 0 0 0.000679348 0.05 
-0.740941 0.336791 -0.202075 0 0 0 0.000679348 0.05 
-0.562633 0.312574 -0.187544 0 0 0 0.000679348 0.05 
-0.403344 0.288103 -0.172862 0 0 0 0.000679348 0.05 
-0.26454 0.26454 -0.158724 0 0 0 0.000679348 0.05 
-0.146655 0.244425 -0.146655 0 0 0 0.000679348 0.05 
-0.0464328 0.232164 -0.139298 0 0 0 0.000679348 0.05 
0.0464328 0.232164 -0.139298 0 0 0 0.000679348 0.05 
0.146655 0.244425 -0.146655 0 0 0 0.000679348 0.05 
0.26454 0.26454 -0.158724 0 0 0 0.000679348 0.05 
0.403344 0.288103 -0.172862 0 0 0 0.000679348 0.05 
0.562633 0.312574 -0.187544 0 0 0 0.000679348 0.05 
0.740941 0.336791 -0.202075 0 0 0 0.000679348 0.05 
-0.768093 0.488787 -0.20948 0 0 0 0.000679348 0.05 
-0.589935 0.458838 -0.196645 0 0 0 0.000679348 0.05 
-0.429786 0.429786 -0.184194 0 0 0 0.000679348 0.05 
-0.288103 0.403344 -0.172862 0 0 0 0.000679348 0.05 
-0.163851 0.382318 -0.163851 0 0 0 0.000679348 0.05 
-0.052908 0.370356 -0.158724 0 0 0 0.000679348 0.05 
0.052908 0.370356 -0.158724 0 0 0 0.000679348 0.05 
0.163851 0.382318 -0.163851 0 0 0 0.000679348 0.05 
0.288103 0.403344 -0.172862 0 0 0 0.000679348 0.05 
0.429786 0.429786 -0.184194 0 0 0 0.000679348 0.05 
0.589935 0.458838 -0.196645 0 0 0 0.000679348 0.05 
0.768093 0.488787 -0.20948 0 0 0 0.000679348 0.05 
-0.621297 0.621297 -0.207099 0 0 0 0.000679348 0.05 
-0.458838 0.589935 -0.196645 0 0 0 0.000679348 0.05 
-0.312574 0.562633 -0.187544 0 0 0 0.000679348 0.05 
-0.18065 0.54195 -0.18065 0 0 0 0.000679348 0.05 
-0.0589615 0.530653 -0.176884 0 0 0 0.000679348 0.05 
0.0589615 0.530653 -0.176884 0 0 0 0.000679348 0.05 
0.18065 0.54195 -0.18065 0 0 0 0.000679348 0.05 
0.312574 0.562633 -0.187544 0 0 0 0.000679348 0.05 
0.458838 0.589935 -0.196645 0 0 0 0.000679348 0.05 
0.621297 0.621297 -0.207099 0 0 0 0.000679348 0.05 
-0.488787 0.768093 -0.20948 0 0 0 0.000679348 0.05 
-0.336791 0.740941 -0.202075 0 0 0 0.000679348 0.05 
-0.196645 0.721032 -0.196645 0 0 0 0.000679348 0.05 
-0.0645841 0.710425 -0.193752 0 0 0 0.000679348 0.05 
0.0645841 0.710425 -0.193752 0 0 0 0.000679348 0.05 
0.196645 0.721032 -0.196645 0 0 0 0.000679348 0.05 
0.336791 0.740941 -0.202075 0 0 0 0.000679348 0.05 
0.488787 0.768093 -0.20948 0 0 0 0.000679348 0.05 
-0.211782 0.917723 -0.211782 0 0 0 0.000679348 0.05 
-0.0698266 0.907746 -0.20948 0 0 0 0.000679348 0.05 
0.0698266 0.907746 -0.20948 0 0 0 0.000679348 0.05 
0.211782 0.917723 -0.211782 0 0 0 0.000679348 0.05 
-0.356686 -0.927385 -0.0713373 0 0 0 0.000679348 0.05 
-0.20948 -0.907746 -0.0698266 0 0 0 0.000679348 0.05 
-0.069033 -0.897429 -0.069033 0 0 0 0.000679348 0.05 
0.069033 -0.897429 -0.069033 0 0 0 0.000679348 0.05 
0.20948 -0.907746 -0.0698266 0 0 0 0.000679348 0.05 
0.356686 -0.927385 -0.0713373 0 0 0 0.000679348 0.05 
-0.483231 -0.759363 -0.069033 0 0 0 0.000679348 0.05 
-0.332359 -0.73119 -0.0664718 0 0 0 0.000679348 0.05 
-0.193752 -0.710425 -0.0645841 0 0 0 0.000679348 0.05 
-0.0635747 -0.699322 -0.0635747 0 0 0 0.000679348 0.05 
0.0635747 -0.699322 -0.0635747 0 0 0 0.000679348 0.05 
0.193752 -0.710425 -0.0645841 0 0 0 0.000679348 0.05 
0.332359 -0.73119 -0.0664718 0 0 0 0.000679348 0.05 
0.483231 -0.759363 -0.069033 0 0 0 0.000679348 0.05 
-0.6139 -0.6139 -0.0682111 0 0 0 0.000679348 0.05 
-0.452089 -0.581257 -0.0645841 0 0 0 0.000679348 0.05 
-0.30699 -0.552582 -0.061398 0 0 0 0.000679348 0.05 
-0.176884 -0.530653 -0.0589615 0 0 0 0.000679348 0.05 
-0.0576206 -0.518585 -0.0576206 0 0 0 0.000679348 0.05 
0.0576206 -0.518585 -0.0576206 0 0 0 0.000679348 0.05 
0.176884 -0.530653 -0.0589615 0 0 0 0.000679348 0.05 
0.30699 -0.552582 -0.061398 0 0 0 0.000679348 0.05 
0.452089 -0.581257 -0.0645841 0 0 0 0.000679348 0.05 
0.6139 -0.6139 -0.0682111 0 0 0 0.000679348 0.05 
-0.759363 -0.483231 -0.069033 0 0 0 0.000679348 0.05 
-0.581257 -0.452089 -0.0645841 0 0 0 0.000679348 0.05 
-0.421517 -0.421517 -0.0602167 0 0 0 0.000679348 0.05 
-0.280895 -0.393252 -0.0561789 0 0 0 0.000679348 0.05 
-0.158724 -0.370356 -0.052908 0 0 0 0.000679348 0.05 
-0.0510153 -0.357107 -0.0510153 0 0 0 0.000679348 0.05 
0.0510153 -0.357107 -0.0510153 0 0 0 0.000679348 0.05 
0.158724 -0.370356 -0.052908 0 0 0 0.000679348 0.05 
0.280895 -0.393252 -0.0561789 0 0 0 0.000679348 0.05 
0.421517 -0.421517 -0.0602167 0 0 0 0.000679348 0.05 
0.581257 -0.452089 -0.0645841 0 0 0 0.000679348 0.05 
0.759363 -0.483231 -0.069033 0 0 0 0.000679348 0.05 
-0.927385 -0.356686 -0.0713373 0 0 0 0.000679348 0.05 
-0.73119 -0.332359 -0.0664718 0 0 0 0.000679348 0.05 
-0.552582 -0.30699 -0.061398 0 0 0 0.000679348 0.05 
-0.393252 -0.280895 -0.0561789 0 0 0 0.000679348 0.05 
-0.255077 -0.255077 -0.0510153 0 0 0 0.000679348 0.05 
-0.139298 -0.232164 -0.0464328 0 0 0 0.000679348 0.05 
-0.043516 -0.21758 -0.043516 0 0 0 0.000679348 0.05 
0.043516 -0.21758 -0.043516 0 0 0 0.000679348 0.05 
0.139298 -0.232164 -0.0464328 0 0 0 0.000679348 0.05 
0.255077 -0.255077 -0.0510153 0 0 0 0.000679348 0.05 
0.393252 -0.280895 -0.0561789 0 0 0 0.000679348 0.05 
0.552582 -0.30699 -0.061398 0 0 0 0.000679348 0.05 
0.73119 -0.332359 -0.0664718 0 0 0 0.000679348 0.05 
0.927385 -0.356686 -0.0713373 0 0 0 0.000679348 0.05 
-0.907746 -0.20948 -0.0698266 0 0 0 0.000679348 0.05 
-0.710425 -0.193752 -0.0645841 0 0 0 0.000679348 0.05 
-0.530653 -0.176884 -0.0589615 0 0 0 0.000679348 0.05 
-0.370356 -0.158724 -0.052908 0 0 0 0.000679348 0.05 
-0.232164 -0.139298 -0.0464328 0 0 0 0.000679348 0.05 
-0.119569 -0.119569 -0.0398562 0 0 0 0.000679348 0.05 
-0.0347661 -0.104298 -0.0347661 0 0 0 0.000679348 0.05 
0.0347661 -0.104298 -0.0347661 0 0 0 0.000679348 0.05 
0.119569 -0.119569 -0.0398562 0 0 0 0.000679348 0.05 
0.232164 -0.139298 -0.0464328 0 0 0 0.000679348 0.05 
0.370356 -0.158724 -0.052908 0 0 0 0.000679348 0.05 
0.530653 -0.176884 -0.0589615 0 0 0 0.000679348 0.05 
0.710425 -0.193752 -0.0645841 0 0 0 0.000679348 0.05 
0.907746 -0.20948 -0.0698266 0 0 0 0.000679348 0.05 
-0.897429 -0.069033 -0.069033 0 0 0 0.000679348 0.05 
-0.699322 -0.0635747 -0.0635747 0 0 0 0.000679348 0.05 
-0.518585 -0.0576206 -0.0576206 0 0 0 0.000679348 0.05 
-0.357107 -0.0510153 -0.0510153 0 0 0 0.000679348 0.05 
-0.21758 -0.043516 -0.043516 0 0 0 0.000679348 0.05 
-0.104298 -0.0347661 -0.0347661 0 0 0 0.000679348 0.05 
-0.025124 -0.025124 -0.025124 0 0 0 0.000679348 0.05 
0.025124 -0.025124 -0.025124 0 0 0 0.000679348 0.05 
0.104298 -0.0347661 -0.0347661 0 0 0 0.000679348 0.05 
0.21758 -0.043516 -0.043516 0 0 0 0.000679348 0.05 
0.357107 -0.0510153 -0.0510153 0 0 0 0.000679348 0.05 
0.518585 -0.0576206 -0.0576206 0 0 0 0.000679348 0.05 
0.699322 -0.0635747 -0.0635747 0 0 0 0.000679348 0.05 
0.897429 -0.069033 -0.069033 0 0 0 0.000679348 0.05 
-0.897429 0.069033 -0.069033 0 0 0 0.000679348 0.05 
-0.699322 0.0635747 -0.0635747 0 0 0 0.000679348 0.05 
-0.518585 0.0576206 -0.0576206 0 0 0 0.000679348 0.05 
-0.357107 0.0510153 -0.0510153 0 0 0 0.000679348 0.05 
-0.21758 0.043516 -0.043516 0 0 0 0.000679348 0.05 
-0.104298 0.0347661 -0.0347661 0 0 0 0.000679348 0.05 
-0.025124 0.025124 -0.025124 0 0 0 0.000679348 0.05 
0.025124 0.025124 -0.025124 0 0 0 0.000679348 0.05 
0.104298 0.0347661 -0.0347661 0 0 0 0.000679348 0.05 
0.21758 0.043516 -0.043516 0 0 0 0.000679348 0.05 
0.357107 0.0510153 -0.0510153 0 0 0 0.000679348 0.05 
0.518585 0.0576206 -0.0576206 0 0 0 0.000679348 0.05 
0.699322 0.0635747 -0.0635747 0 0 0 0.000679348 0.05 
0.897429 0.069033 -0.069033 0 0 0 0.000679348 0.05 
-0.907746 0.20948 -0.0698266 0 0 0 0.000679348 0.05 
-0.710425 0.193752 -0.0645841 0 0 0 0.000679348 0.05 
-0.530653 0.176884 -0.0589615 0 0 0 0.000679348 0.05 
-0.370356 0.158724 -0.052908 0 0 0 0.000679348 0.05 
-0.232164 0.139298 -0.0464328 0 0 0 0.000679348 0.05 
-0.119569 0.119569 -0.0398562 0 0 0 0.000679348 0.05 
-0.0347661 0.104298 -0.0347661 0 0 0 0.000679348 0.05 
0.0347661 0.104298 -0.0347661 0 0 0 0.000679348 0.05 
0.119569 0.119569 -0.0398562 0 0 0 0.000679348 0.05 
0.232164 0.139298 -0.0464328 0 0 0 0.000679348 0.05 
0.370356 0.158724 -0.052908 0 0 0 0.000679348 0.05 
0.530653 0.176884 -0.0589615 0 0 0 0.000679348 0.05 
0.710425 0.193752 -0.0645841 0 0 0 0.000679348 0.05 
0.907746 0.20948 -0.0698266 0 0 0 0.000679348 0.05 
-0.927385 0.356686 -0.0713373 0 0 0 0.000679348 0.05 
-0.73119 0.332359 -0.0664718 0 0 0 0.000679348 0.05 
-0.552582 0.30699 -0.061398 0 0 0 0.000679348 0.05 
-0.393252 0.280895 -0.0561789 0 0 0 0.000679348 0.05 
-0.255077 0.255077 -0.0510153 0 0 0 0.000679348 0.05 
-0.139298 0.232164 -0.0464328 0 0 0 0.000679348 0.05 
-0.043516 0.21758 -0.043516 0 0 0 0.000679348 0.05 
0.043516 0.21758 -0.043516 0 0 0 0.000679348 0.05 
0.139298 0.232164 -0.0464328 0 0 0 0.000679348 0.05 
0.255077 0.255077 -0.0510153 0 0 0 0.000679348 0.05 
0.393252 0.280895 -0.0561789 0 0 0 0.000679348 0.05 
0.552582 0.30699 -0.061398 0 0 0 0.000679348 0.05 
0.73119 0.332359 -0.0664718 0 0 0 0.000679348 0.05 
0.927385 0.356686 -0.0713373 0 0 0 0.000679348 0.05 
-0.759363 0.483231 -0.069033 0 0 0 0.000679348 0.05 
-0.581257 0.452089 -0.0645841 0 0 0 0.000679348 0.05 
-0.421517 0.421517 -0.0602167 0 0 0 0.000679348 0.05 
-0.280895 0.393252 -0.0561789 0 0 0 0.000679348 0.05 
-0.158724 0.370356 -0.052908 0 0 0 0.000679348 0.05 
-0.0510153 0.357107 -0.0510153 0 0 0 0.000679348 0.05 
0.0510153 0.357107 -0.0510153 0 0 0 0.000679348 0.05 
0.158724 0.370356 -0.052908 0 0 0 0.000679348 0.05 
0.280895 0.393252 -0.0561789 0 0 0 0.000679348 0.05 
0.421517 0.421517 -0.0602167 0 0 0 0.000679348 0.05 
0.581257 0.452089 -0.0645841 0 0 0 0.000679348 0.05 
0.759363 0.483231 -0.069033 0 0 0 0.000679348 0.05 
-0.6139 0.6139 -0.0682111 0 0 0 0.000679348 0.05 
-0.452089 0.581257 -0.0645841 0 0 0 0.000679348 0.05 
-0.30699 0.552582 -0.061398 0 0 0 0.000679348 0.05 
-0.176884 0.530653 -0.0589615 0 0 0 0.000679348 0.05 
-0.0576206 0.518585 -0.0576206 0 0 0 0.000679348 0.05 
0.0576206 0.518585 -0.0576206 0 0 0 0.000679348 0.05 
0.176884 0.530653 -0.0589615 0 0 0 0.000679348 0.05 
0.30699 0.552582 -0.061398 0 0 0 0.000679348 0.05 
0.452089 0.581257 -0.0645841 0 0 0 0.000679348 0.05 
0.6139 0.6139 -0.0682111 0 0 0 0.000679348 0.05 
-0.483231 0.759363 -0.069033 0 0 0 0.000679348 0.05 
-0.332359 0.73119 -0.0664718 0 0 0 0.000679348 0.05 
-0.193752 0.710425 -0.0645841 0 0 0 0.000679348 0.05 
-0.0635747 0.699322 -0.0635747 0 0 0 0.000679348 0.05 
0.0635747 0.699322 -0.0635747 0 0 0 0.000679348 0.05 
0.193752 0.710425 -0.0645841 0 0 0 0.000679348 0.05 
0.332359 0.73119 -0.0664718 0 0 0 0.000679348 0.05 
0.483231 0.759363 -0.069033 0 0 0 0.000679348 0.05 
-0.356686 0.927385 -0.0713373 0 0 0 0.000679348 0.05 
-0.20948 0.907746 -0.0698266 0 0 0 0.000679348 0.05 
-0.069033 0.897429 -0.069033 0 0 0 0.000679348 0.05 
0.069033 0.897429 -0.069033 0 0 0 0.000679348 0.05 
0.20948 0.907746 -0.0698266 0 0 0 0.000679348 0.05 
0.356686 0.927385 -0.0713373 0 0 0 0.000679348 0.05 
-0.356686 -0.927385 0.0713373 0 0 0 0.000679348 0.05 
-0.20948 -0.907746 0.0698266 0 0 0 0.000679348 0.05 
-0.069033 -0.897429 0.069033 0 0 0 0.000679348 0.05 
0.069033 -0.897429 0.069033 0 0 0 0.000679348 0.05 
0.20948 -0.907746 0.0698266 0 0 0 0.000679348 0.05 
0.356686 -0.927385 0.0713373 0 0 0 0.000679348 0.05 
-0.483231 -0.759363 0.069033 0 0 0 0.000679348 0.05 
-0.332359 -0.73119 0.0664718 0 0 0 0.000679348 0.05 
-0.193752 -0.710425 0.0645841 0 0 0 0.000679348 0.05 
-0.0635747 -0.699322 0.0635747 0 0 0 0.000679348 0.05 
0.0635747 -0.699322 0.0635747 0 0 0 0.000679348 0.05 
0.193752 -0.710425 0.0645841 0 0 0 0.000679348 0.05 
0.332359 -0.73119 0.0664718 0 0 0 0.000679348 0.05 
0.483231 -0.759363 0.069033 0 0 0 0.000679348 0.05 
-0.6139 -0.6139 0.0682111 0 0 0 0.000679348 0.05 
-0.452089 -0.581257 0.0645841 0 0 0 0.000679348 0.05 
-0.30699 -0.552582 0.061398 0 0 0 0.000679348 0.05 
-0.176884 -0.530653 0.0589615 0 0 0 0.000679348 0.05 
-0.0576206 -0.518585 0.0576206 0 0 0 0.000679348 0.05 
0.0576206 -0.518585 0.0576206 0 0 0 0.000679348 0.05 
0.176884 -0.530653 0.0589615 0 0 0 0.000679348 0.05 
0.30699 -0.552582 0.061398 0 0 0 0.000679348 0.05 
0.452089 -0.581257 0.0645841 0 0 0 0.000679348 0.05 
0.6139 -0.6139 0.0682111 0 0 0 0.000679348 0.05 
-0.759363 -0.483231 0.069033 0 0 0 0.000679348 0.05 
-0.581257 -0.452089 0.0645841 0 0 0 0.000679348 0.05 
-0.421517 -0.421517 0.0602167 0 0 0 0.000679348 0.05 
-0.280895 -0.393252 0.0561789 0 0 0 0.000679348 0.05 
-0.158724 -0.370356 0.052908 0 0 0 0.000679348 0.05 
-0.0510153 -0.357107 0.0510153 0 0 0 0.000679348 0.05 
0.0510153 -0.357107 0.0510153 0 0 0 0.000679348 0.05 
0.158724 -0.370356 0.052908 0 0 0 0.000679348 0.05 
0.280895 -0.393252 0.0561789 0 0 0 0.000679348 0.05 
0.421517 -0.421517 0.0602167 0 0 0 0.000679348 0.05 
0.581257 -0.452089 0.0645841 0 0 0 0.000679348 0.05 
0.759363 -0.483231 0.069033 0 0 0 0.000679348 0.05 
-0.927385 -0.356686 0.0713373 0 0 0 0.000679348 0.05 
-0.73119 -0.332359 0.0664718 0 0 0 0.000679348 0.05 
-0.552582 -0.30699 0.061398 0 0 0 0.000679348 0.05 
-0.393252 -0.280895 0.0561789 0 0 0 0.000679348 0.05 
-0.255077 -0.255077 0.0510153 0 0 0 0.000679348 0.05 
-0.139298 -0.232164 0.0464328 0 0 0 0.000679348 0.05 
-0.043516 -0.21758 0.043516 0 0 0 0.000679348 0.05 
0.043516 -0.21758 0.043516 0 0 0 0.000679348 0.05 
0.139298 -0.232164 0.0464328 0 0 0 0.000679348 0.05 
0.255077 -0.255077 0.0510153 0 0 0 0.000679348 0.05 
0.393252 -0.280895 0.0561789 0 0 0 0.000679348 0.05 
0.552582 -0.30699 0.061398 0 0 0 0.000679348 0.05 
0.73119 -0.332359 0.0664718 0 0 0 0.000679348 0.05 
0.927385 -0.356686 0.0713373 0 0 0 0.000679348 0.05 
-0.907746 -0.20948 0.0698266 0 0 0 0.000679348 0.05 
-0.710425 -0.193752 0.0645841 0 0 0 0.000679348 0.05 
-0.530653 -0.176884 0.0589615 0 0 0 0.000679348 0.05 
-0.370356 -0.158724 0.052908 0 0 0 0.000679348 0.05 
-0.232164 -0.139298 0.0464328 0 0 0 0.000679348 0.05 
-0.119569 -0.119569 0.0398562 0 0 0 0.000679348 0.05 
-0.0347661 -0.104298 0.0347661 0 0 0 0.000679348 0.05 
0.0347661 -0.104298 0.0347661 0 0 0 0.000679348 0.05 
0.119569 -0.119569 0.0398562 0 0 0 0.000679348 0.05 
0.232164 -0.139298 0.0464328 0 0 0 0.000679348 0.05 
0.370356 -0.158724 0.052908 0 0 0 0.000679348 0.05 
0.530653 -0.176884 0.0589615 0 0 0 0.000679348 0.05 
0.710425 -0.193752 0.0645841 0 0 0 0.000679348 0.05 
0.907746 -0.20948 0.0698266 0 0 0 0.000679348 0.05 
-0.897429 -0.069033 0.069033 0 0 0 0.000679348 0.05 
-0.699322 -0.0635747 0.0635747 0 0 0 0.000679348 0.05 
-0.518585 -0.0576206 0.0576206 0 0 0 0.000679348 0.05 
-0.357107 -0.0510153 0.0510153 0 0 0 0.000679348 0.05 
-0.21758 -0.043516 0.043516 0 0 0 0.000679348 0.05 
-0.104298 -0.0347661 0.0347661 0 0 0 0.000679348 0.05 
-0.025124 -0.025124 0.025124 0 0 0 0.000679348 0.05 
0.025124 -0.025124 0.025124 0 0 0 0.000679348 0.05 
0.104298 -0.0347661 0.0347661 0 0 0 0.000679348 0.05 
0.21758 -0.043516 0.043516 0 0 0 0.000679348 0.05 
0.357107 -0.0510153 0.0510153 0 0 0 0.000679348 0.05 
0.518585 -0.0576206 0.0576206 0 0 0 0.000679348 0.05 
0.699322 -0.0635747 0.0635747 0 0 0 0.000679348 0.05 
0.897429 -0.069033 0.069033 0 0 0 0.000679348 0.05 
-0.897429 0.069033 0.069033 0 0 0 0.000679348 0.05 
-0.699322 0.0635747 0.0635747 0 0 0 0.000679348 0.05 
-0.518585 0.0576206 0.0576206 0 0 0 0.000679348 0.05 
-0.357107 0.0510153 0.0510153 0 0 0 0.000679348 0.05 
-0.21758 0.043516 0.043516 0 0 0 0.000679348 0.05 
-0.104298 0.0347661 0.0347661 0 0 0 0.000679348 0.05 
-0.025124 0.025124 0.025124 0 0 0 0.000679348 0.05 
0.025124 0.025124 0.025124 0 0 0 0.000679348 0.05 
0.104298 0.0347661 0.0347661 0 0 0 0.000679348 0.05 
0.21758 0.043516 0.043516 0 0 0 0.000679348 0.05 
0.357107 0.0510153 0.0510153 0 0 0 0.000679348 0.05 
0.518585 0.0576206 0.0576206 0 0 0 0.000679348 0.05 
0.699322 0.0635747 0.0635747 0 0 0 0.000679348 0.05 
0.897429 0.069033 0.069033 0 0 0 0.000679348 0.05 
-0.907746 0.20948 0.0698266 0 0 0 0.000679348 0.05 
-0.710425 0.193752 0.0645841 0 0 0 0.000679348 0.05 
-0.530653 0.176884 0.0589615 0 0 0 0.000679348 0.05 
-0.370356 0.158724 0.052908 0 0 0 0.000679348 0.05 
-0.232164 0.139298 0.0464328 0 0 0 0.000679348 0.05 
-0.119569 0.119569 0.0398562 0 0 0 0.000679348 0.05 
-0.0347661 0.104298 0.0347661 0 0 0 0.000679348 0.05 
0.0347661 0.104298 0.0347661 0 0 0 0.000679348 0.05 
0.119569 0.119569 0.0398562 0 0 0 0.000679348 0.05 
0.232164 0.139298 0.0464328 0 0 0 0.000679348 0.05 
0.370356 0.158724 0.052908 0 0 0 0.000679348 0.05 
0.530653 0.176884 0.0589615 0 0 0 0.000679348 0.05 
0.710425 0.193752 0.0645841 0 0 0 0.000679348 0.05 
0.907746 0.20948 0.0698266 0 0 0 0.000679348 0.05 
-0.927385 0.356686 0.0713373 0 0 0 0.000679348 0.05 
-0.73119 0.332359 0.0664718 0 0 0 0.000679348 0.05 
-0.552582 0.30699 0.061398 0 0 0 0.000679348 0.05 
-0.393252 0.280895 0.0561789 0 0 0 0.000679348 0.05 
-0.255077 0.255077 0.0510153 0 0 0 0.000679348 0.05 
-0.139298 0.232164 0.0464328 0 0 0 0.000679348 0.05 
-0.043516 0.21758 0.043516 0 0 0 0.000679348 0.05 
0.043516 0.21758 0.043516 0 0 0 0.000679348 0.05 
0.139298 0.232164 0.0464328 0 0 0 0.000679348 0.05 
0.255077 0.255077 0.0510153 0 0 0 0.000679348 0.05 
0.393252 0.280895 0.0561789 0 0 0 0.000679348 0.05 
0.552582 0.30699 0.061398 0 0 0 0.000679348 0.05 
0.73119 0.332359 0.0664718 0 0 0 0.000679348 0.05 
0.927385 0.356686 0.0713373 0 0 0 0.000679348 0.05 
-0.759363 0.483231 0.069033 0 0 0 0.000679348 0.05 
-0.581257 0.452089 0.0645841 0 0 0 0.000679348 0.05 
-0.421517 0.421517 0.0602167 0 0 0 0.000679348 0.05 
-0.280895 0.393252 0.0561789 0 0 0 0.000679348 0.05 
-0.158724 0.370356 0.052908 0 0 0 0.000679348 0.05 
-0.0510153 0.357107 0.0510153 0 0 0 0.000679348 0.05 
0.0510153 0.357107 0.0510153 0 0 0 0.000679348 0.05 
0.158724 0.370356 0.052908 0 0 0 0.000679348 0.05 
0.280895 0.393252 0.0561789 0 0 0 0.000679348 0.05 
0.421517 0.421517 0.0602167 0 0 0 0.000679348 0.05 
0.581257 0.452089 0.0645841 0 0 0 0.000679348 0.05 
0.759363 0.483231 0.069033 0 0 0 0.000679348 0.05 
-0.6139 0.6139 0.0682111 0 0 0 0.000679348 0.05 
-0.452089 0.581257 0.0645841 0 0 0 0.000679348 0.05 
-0.30699 0.552582 0.061398 0 0 0 0.000679348 0.05 
-0.176884 0.530653 0.0589615 0 0 0 0.000679348 0.05 
-0.0576206 0.518585 0.0576206 0 0 0 0.000679348 0.05 
0.0576206 0.518585 0.0576206 0 0 0 0.000679348 0.05 
0.176884 0.530653 0.0589615 0 0 0 0.000679348 0.05 
0.30699 0.552582 0.061398 0 0 0 0.000679348 0.05 
0.452089 0.581257 0.0645841 0 0 0 0.000679348 0.05 
0.6139 0.6139 0.0682111 0 0 0 0.000679348 0.05 
-0.483231 0.759363 0.069033 0 0 0 0.000679348 0.05 
-0.332359 0.73119 0.0664718 0 0 0 0.000679348 0.05 
-0.193752 0.710425 0.0645841 0 0 0 0.000679348 0.05 
-0.0635747 0.699322 0.0635747 0 0 0 0.000679348 0.05 
0.0635747 0.699322 0.0635747 0 0 0 0.000679348 0.05 
0.193752 0.710425 0.0645841 0 0 0 0.000679348 0.05 
0.332359 0.73119 0.0664718 0 0 0 0.000679348 0.05 
0.483231 0.759363 0.069033 0 0 0 0.000679348 0.05 
-0.356686 0.927385 0.0713373 0 0 0 0.000679348 0.05 
-0.20948 0.907746 0.0698266 0 0 0 0.000679348 0.05 
-0.069033 0.897429 0.069033 0 0 0 0.000679348 0.05 
0.069033 0.897429 0.069033 0 0 0 0.000679348 0.05 
0.20948 0.907746 0.0698266 0 0 0 0.000679348 0.05 
0.356686 0.927385 0.0713373 0 0 0 0.000679348 0.05 
-0.211782 -0.917723 0.211782 0 0 0 0.000679348 0.05 
-0.0698266 -0.907746 0.20948 0 0 0 0.000679348 0.05 
0.0698266 -0.907746 0.20948 0 0 0 0.000679348 0.05 
0.211782 -0.917723 0.211782 0 0 0 0.000679348 0.05 
-0.488787 -0.768093 0.20948 0 0 0 0.000679348 0.05 
-0.336791 -0.740941 0.202075 0 0 0 0.000679348 0.05 
-0.196645 -0.721032 0.196645 0 0 0 0.000679348 0.05 
-0.0645841 -0.710425 0.193752 0 0 0 0.000679348 0.05 
0.0645841 -0.710425 0.193752 0 0 0 0.000679348 0.05 
0.196645 -0.721032 0.196645 0 0 0 0.000679348 0.05 
0.336791 -0.740941 0.202075 0 0 0 0.000679348 0.05 
0.488787 -0.768093 0.20948 0 0 0 0.000679348 0.05 
-0.621297 -0.621297 0.207099 0 0 0 0.000679348 0.05 
-0.458838 -0.589935 0.196645 0 0 0 0.000679348 0.05 
-0.312574 -0.562633 0.187544 0 0 0 0.000679348 0.05 
-0.18065 -0.54195 0.18065 0 0 0 0.000679348 0.05 
-0.0589615 -0.530653 0.176884 0 0 0 0.000679348 0.05 
0.0589615 -0.530653 0.176884 0 0 0 0.000679348 0.05 
0.18065 -0.54195 0.18065 0 0 0 0.000679348 0.05 
0.312574 -0.562633 0.187544 0 0 0 0.000679348 0.05 
0.458838 -0.589935 0.196645 0 0 0 0.000679348 0.05 
0.621297 -0.621297 0.207099 0 0 0 0.000679348 0.05 
-0.768093 -0.488787 0.20948 0 0 0 0.000679348 0.05 
-0.589935 -0.458838 0.196645 0 0 0 0.000679348 0.05 
-0.429786 -0.429786 0.184194 0 0 0 0.000679348 0.05 
-0.288103 -0.403344 0.172862 0 0 0 0.000679348 0.05 
-0.163851 -0.382318 0.163851 0 0 0 0.000679348 0.05 
-0.052908 -0.370356 0.158724 0 0 0 0.000679348 0.05 
0.052908 -0.370356 0.158724 0 0 0 0.000679348 0.05 
0.163851 -0.382318 0.163851 0 0 0 0.000679348 0.05 
0.288103 -0.403344 0.172862 0 0 0 0.000679348 0.05 
0.429786 -0.429786 0.184194 0 0 0 0.000679348 0.05 
0.589935 -0.458838 0.196645 0 0 0 0.000679348 0.05 
0.768093 -0.488787 0.20948 0 0 0 0.000679348 0.05 
-0.740941 -0.336791 0.202075 0 0 0 0.000679348 0.05 
-0.562633 -0.312574 0.187544 0 0 0 0.000679348 0.05 
-0.403344 -0.288103 0.172862 0 0 0 0.000679348 0.05 
-0.26454 -0.26454 0.158724 0 0 0 0.000679348 0.05 
-0.146655 -0.244425 0.146655 0 0 0 0.000679348 0.05 
-0.0464328 -0.232164 0.139298 0 0 0 0.000679348 0.05 
0.0464328 -0.232164 0.139298 0 0 0 0.000679348 0.05 
0.146655 -0.244425 0.146655 0 0 0 0.000679348 0.05 
0.26454 -0.26454 0.158724 0 0 0 0.000679348 0.05 
0.403344 -0.288103 0.172862 0 0 0 0.000679348 0.05 
0.562633 -0.312574 0.187544 0 0 0 0.000679348 0.05 
0.740941 -0.336791 0.202075 0 0 0 0.000679348 0.05 
-0.917723 -0.211782 0.211782 0 0 0 0.000679348 0.05 
-0.721032 -0.196645 0.196645 0 0 0 0.000679348 0.05 
-0.54195 -0.18065 0.18065 0 0 0 0.000679348 0.05 
-0.382318 -0.163851 0.163851 0 0 0 0.000679348 0.05 
-0.244425 -0.146655 0.146655 0 0 0 0.000679348 0.05 
-0.130548 -0.130548 0.130548 0 0 0 0.000679348 0.05 
-0.0398562 -0.119569 0.119569 0 0 0 0.000679348 0.05 
0.0398562 -0.119569 0.119569 0 0 0 0.000679348 0.05 
0.130548 -0.130548 0.130548 0 0 0 0.000679348 0.05 
0.244425 -0.146655 0.146655 0 0 0 0.000679348 0.05 
0.382318 -0.163851 0.163851 0 0 0 0.000679348 0.05 
0.54195 -0.18065 0.18065 0 0 0 0.000679348 0.05 
0.721032 -0.196645 0.196645 0 0 0 0.000679348 0.05 
0.917723 -0.211782 0.211782 0 0 0 0.000679348 0.05 
-0.907746 -0.0698266 0.20948 0 0 0 0.000679348 0.05 
-0.710425 -0.0645841 0.193752 0 0 0 0.000679348 0.05 
-0.530653 -0.0589615 0.176884 0 0 0 0.000679348 0.05 
-0.370356 -0.052908 0.158724 0 0 0 0.000679348 0.05 
-0.232164 -0.0464328 0.139298 0 0 0 0.000679348 0.05 
-0.119569 -0.0398562 0.119569 0 0 0 0.000679348 0.05 
-0.0347661 -0.0347661 0.104298 0 0 0 0.000679348 0.05 
0.0347661 -0.0347661 0.104298 0 0 0 0.000679348 0.05 
0.119569 -0.0398562 0.119569 0 0 0 0.000679348 0.05 
0.232164 -0.0464328 0.139298 0 0 0 0.000679348 0.05 
0.370356 -0.052908 0.158724 0 0 0 0.000679348 0.05 
0.530653 -0.0589615 0.176884 0 0 0 0.000679348 0.05 
0.710425 -0.0645841 0.193752 0 0 0 0.000679348 0.05 
0.907746 -0.0698266 0.20948 0 0 0 0.000679348 0.05 
-0.907746 0.0698266 0.20948 0 0 0 0.000679348 0.05 
-0.710425 0.0645841 0.193752 0 0 0 0.000679348 0.05 
-0.530653 0.0589615 0.176884 0 0 0 0.000679348 0.05 
-0.370356 0.052908 0.158724 0 0 0 0.000679348 0.05 
-0.232164 0.0464328 0.139298 0 0 0 0.000679348 0.05 
-0.119569 0.0398562 0.119569 0 0 0 0.000679348 0.05 
-0.0347661 0.0347661 0.104298 0 0 0 0.000679348 0.05 
0.0347661 0.0347661 0.104298 0 0 0 0.000679348 0.05 
0.119569 0.0398562 0.119569 0 0 0 0.000679348 0.05 
0.232164 0.0464328 0.139298 0 0 0 0.000679348 0.05 
0.370356 0.052908 0.158724 0 0 0 0.000679348 0.05 
0.530653 0.0589615 0.176884 0 0 0 0.000679348 0.05 
0.710425 0.0645841 0.193752 0 0 0 0.000679348 0.05 
0.907746 0.0698266 0.20948 0 0 0 0.000679348 0.05 
-0.917723 0.211782 0.211782 0 0 0 0.000679348 0.05 
-0.721032 0.196645 0.196645 0 0 0 0.000679348 0.05 
-0.54195 0.18065 0.18065 0 0 0 0.000679348 0.05 
-0.382318 0.163851 0.163851 0 0 0 0.000679348 0.05 
-0.244425 0.146655 0.146655 0 0 0 0.000679348 0.05 
-0.130548 0.130548 0.130548 0 0 0 0.000679348 0.05 
-0.0398562 0.119569 0.119569 0 0 0 0.000679348 0.05 
0.0398562 0.119569 0.119569 0 0 0 0.000679348 0.05 
0.130548 0.130548 0.130548 0 0 0 0.000679348 0.05 
0.244425 0.146655 0.146655 0 0 0 0.000679348 0.05 
0.382318 0.163851 0.163851 0 0 0 0.000679348 0.05 
0.54195 0.18065 0.18065 0 0 0 0.000679348 0.05 
0.721032 0.196645 0.196645 0 0 0 0.000679348 0.05 
0.917723 0.211782 0.211782 0 0 0 0.000679348 0.05 
-0.740941 0.336791 0.202075 0 0 0 0.000679348 0.05 
-0.562633 0.312574 0.187544 0 0 0 0.000679348 0.05 
-0.403344 0.288103 0.172862 0 0 0 0.000679348 0.05 
-0.26454 0.26454 0.158724 0 0 0 0.000679348 0.05 
-0.146655 0.244425 0.146655 0 0 0 0.000679348 0.05 
-0.0464328 0.232164 0.139298 0 0 0 0.000679348 0.05 
0.0464328 0.232164 0.139298 0 0 0 0.000679348 0.05 
0.146655 0.244425 0.146655 0 0 0 0.000679348 0.05 
0.26454 0.26454 0.158724 0 0 0 0.000679348 0.05 
0.403344 0.288103 0.172862 0 0 0 0.000679348 0.05 
0.562633 0.312574 0.187544 0 0 0 0.000679348 0.05 
0.740941 0.336791 0.202075 0 0 0 0.000679348 0.05 
-0.768093 0.488787 0.20948 0 0 0 0.000679348 0.05 
-0.589935 0.458838 0.196645 0 0 0 0.000679348 0.05 
-0.429786 0.429786 0.184194 0 0 0 0.000679348 0.05 
-0.288103 0.403344 0.172862 0 0 0 0.000679348 0.05 
-0.163851 0.382318 0.163851 0 0 0 0.000679348 0.05 
-0.052908 0.370356 0.158724 0 0 0 0.000679348 0.05 
0.052908 0.370356 0.158724 0 0 0 0.000679348 0.05 
0.163851 0.382318 0.163851 0 0 0 0.000679348 0.05 
0.288103 0.403344 0.172862 0 0 0 0.000679348 0.05 
0.429786 0.429786 0.184194 0 0 0 0.000679348 0.05 
0.589935 0.458838 0.196645 0 0 0 0.000679348 0.05 
0.768093 0.488787 0.20948 0 0 0 0.000679348 0.05 
-0.621297 0.621297 0.207099 0 0 0 0.000679348 0.05 
-0.458838 0.589935 0.196645 0 0 0 0.000679348 0.05 
-0.312574 0.562633 0.187544 0 0 0 0.000679348 0.05 
-0.18065 0.54195 0.18065 0 0 0 0.000679348 0.05 
-0.0589615 0.530653 0.176884 0 0 0 0.000679348 0.05 
0.0589615 0.530653 0.176884 0 0 0 0.000679348 0.05 
0.18065 0.54195 0.18065 0 0 0 0.000679348 0.05 
0.312574 0.562633 0.187544 0 0 0 0.000679348 0.05 
0.458838 0.589935 0.196645 0 0 0 0.000679348 0.05 
0.621297 0.621297 0.207099 0 0 0 0.000679348 0.05 
-0.488787 0.768093 0.20948 0 0 0 0.000679348 0.05 
-0.336791 0.740941 0.202075 0 0 0 0.000679348 0.05 
-0.196645 0.721032 0.196645 0 0 0 0.000679348 0.05 
-0.0645841 0.710425 0.193752 0 0 0 0.000679348 0.05 
0.0645841 0.710425 0.193752 0 0 0 0.000679348 0.05 
0.196645 0.721032 0.196645 0 0 0 0.000679348 0.05 
0.336791 0.740941 0.202075 0 0 0 0.000679348 0.05 
0.488787 0.768093 0.20948 0 0 0 0.000679348 0.05 
-0.211782 0.917723 0.211782 0 0 0 0.000679348 0.05 
-0.0698266 0.907746 0.20948 0 0 0 0.000679348 0.05 
0.0698266 0.907746 0.20948 0 0 0 0.000679348 0.05 
0.211782 0.917723 0.211782 0 0 0 0.000679348 0.05 
-0.0713373 -0.927385 0.356686 0 0 0 0.000679348 0.05 
0.0713373 -0.927385 0.356686 0 0 0 0.000679348 0.05 
-0.499361 -0.78471 0.356686 0 0 0 0.000679348 0.05 
-0.345165 -0.759363 0.345165 0 0 0 0.000679348 0.05 
-0.202075 -0.740941 0.336791 0 0 0 0.000679348 0.05 
-0.0664718 -0.73119 0.332359 0 0 0 0.000679348 0.05 
0.0664718 -0.73119 0.332359 0 0 0 0.000679348 0.05 
0.202075 -0.740941 0.336791 0 0 0 0.000679348 0.05 
0.345165 -0.759363 0.345165 0 0 0 0.000679348 0.05 
0.499361 -0.78471 0.356686 0 0 0 0.000679348 0.05 
-0.635347 -0.635347 0.35297 0 0 0 0.000679348 0.05 
-0.471508 -0.606224 0.336791 0 0 0 0.000679348 0.05 
-0.322921 -0.581257 0.322921 0 0 0 0.000679348 0.05 
-0.187544 -0.562633 0.312574 0 0 0 0.000679348 0.05 
-0.061398 -0.552582 0.30699 0 0 0 0.000679348 0.05 
0.061398 -0.552582 0.30699 0 0 0 0.000679348 0.05 
0.187544 -0.562633 0.312574 0 0 0 0.000679348 0.05 
0.322921 -0.581257 0.322921 0 0 0 0.000679348 0.05 
0.471508 -0.606224 0.336791 0 0 0 0.000679348 0.05 
0.635347 -0.635347 0.35297 0 0 0 0.000679348 0.05 
-0.78471 -0.499361 0.356686 0 0 0 0.000679348 0.05 
-0.606224 -0.471508 0.336791 0 0 0 0.000679348 0.05 
-0.445023 -0.445023 0.317873 0 0 0 0.000679348 0.05 
-0.301083 -0.421517 0.301083 0 0 0 0.000679348 0.05 
-0.172862 -0.403344 0.288103 0 0 0 0.000679348 0.05 
-0.0561789 -0.393252 0.280895 0 0 0 0.000679348 0.05 
0.0561789 -0.393252 0.280895 0 0 0 0.000679348 0.05 
0.172862 -0.403344 0.288103 0 0 0 0.000679348 0.05 
0.301083 -0.421517 0.301083 0 0 0 0.000679348 0.05 
0.445023 -0.445023 0.317873 0 0 0 0.000679348 0.05 
0.606224 -0.471508 0.336791 0 0 0 0.000679348 0.05 
0.78471 -0.499361 0.356686 0 0 0 0.000679348 0.05 
-0.759363 -0.345165 0.345165 0 0 0 0.000679348 0.05 
-0.581257 -0.322921 0.322921 0 0 0 0.000679348 0.05 
-0.421517 -0.301083 0.301083 0 0 0 0.000679348 0.05 
-0.280895 -0.280895 0.280895 0 0 0 0.000679348 0.05 
-0.158724 -0.26454 0.26454 0 0 0 0.000679348 0.05 
-0.0510153 -0.255077 0.255077 0 0 0 0.000679348 0.05 
0.0510153 -0.255077 0.255077 0 0 0 0.000679348 0.05 
0.158724 -0.26454 0.26454 0 0 0 0.000679348 0.05 
0.280895 -0.280895 0.280895 0 0 0 0.000679348 0.05 
0.421517 -0.301083 0.301083 0 0 0 0.000679348 0.05 
0.581257 -0.322921 0.322921 0 0 0 0.000679348 0.05 
0.759363 -0.345165 0.345165 0 0 0 0.000679348 0.05 
-0.740941 -0.202075 0.336791 0 0 0 0.000679348 0.05 
-0.562633 -0.187544 0.312574 0 0 0 0.000679348 0.05 
-0.403344 -0.172862 0.288103 0 0 0 0.000679348 0.05 
-0.26454 -0.158724 0.26454 0 0 0 0.000679348 0.05 
-0.146655 -0.146655 0.244425 0 0 0 0.000679348 0.05 
-0.0464328 -0.139298 0.232164 0 0 0 0.000679348 0.05 
0.0464328 -0.139298 0.232164 0 0 0 0.000679348 0.05 
0.146655 -0.146655 0.244425 0 0 0 0.000679348 0.05 
0.26454 -0.158724 0.26454 0 0 0 0.000679348 0.05 
0.403344 -0.172862 0.288103 0 0 0 0.000679348 0.05 
0.562633 -0.187544 0.312574 0 0 0 0.000679348 0.05 
0.740941 -0.202075 0.336791 0 0 0 0.000679348 0.05 
-0.927385 -0.0713373 0.356686 0 0 0 0.000679348 0.05 
-0.73119 -0.0664718 0.332359 0 0 0 0.000679348 0.05 
-0.552582 -0.061398 0.30699 0 0 0 0.000679348 0.05 
-0.393252 -0.0561789 0.280895 0 0 0 0.000679348 0.05 
-0.255077 -0.0510153 0.255077 0 0 0 0.000679348 0.05 
-0.139298 -0.0464328 0.232164 0 0 0 0.000679348 0.05 
-0.043516 -0.043516 0.21758 0 0 0 0.000679348 0.05 
0.043516 -0.043516 0.21758 0 0 0 0.000679348 0.05 
0.139298 -0.0464328 0.232164 0 0 0 0.000679348 0.05 
0.255077 -0.0510153 0.255077 0 0 0 0.000679348 0.05 
0.393252 -0.0561789 0.280895 0 0 0 0.000679348 0.05 
0.552582 -0.061398 0.30699 0 0 0 0.000679348 0.05 
0.73119 -0.0664718 0.332359 0 0 0 0.000679348 0.05 
0.927385 -0.0713373 0.356686 0 0 0 0.000679348 0.05 
-0.927385 0.0713373 0.356686 0 0 0 0.000679348 0.05 
-0.73119 0.0664718 0.332359 0 0 0 0.000679348 0.05 
-0.552582 0.061398 0.30699 0 0 0 0.000679348 0.05 
-0.393252 0.0561789 0.280895 0 0 0 0.000679348 0.05 
-0.255077 0.0510153 0.255077 0 0 0 0.000679348 0.05 
-0.139298 0.0464328 0.232164 0 0 0 0.000679348 0.05 
-0.043516 0.043516 0.21758 0 0 0 0.000679348 0.05 
0.043516 0.043516 0.21758 0 0 0 0.000679348 0.05 
0.139298 0.0464328 0.232164 0 0 0 0.000679348 0.05 
0.255077 0.0510153 0.255077 0 0 0 0.000679348 0.05 
0.393252 0.0561789 0.280895 0 0 0 0.000679348 0.05 
0.552582 0.061398 0.30699 0 0 0 0.000679348 0.05 
0.73119 0.0664718 0.332359 0 0 0 0.000679348 0.05 
0.927385 0.0713373 0.356686 0 0 0 0.000679348 0.05 
-0.740941 0.202075 0.336791 0 0 0 0.000679348 0.05 
-0.562633 0.187544 0.312574 0 0 0 0.000679348 0.05 
-0.403344 0.172862 0.288103 0 0 0 0.000679348 0.05 
-0.26454 0.158724 0.26454 0 0 0 0.000679348 0.05 
-0.146655 0.146655 0.244425 0 0 0 0.000679348 0.05 
-0.0464328 0.139298 0.232164 0 0 0 0.000679348 0.05 
0.0464328 0.139298 0.232164 0 0 0 0.000679348 0.05 
0.146655 0.146655 0.244425 0 0 0 0.000679348 0.05 
0.26454 0.158724 0.26454 0 0 0 0.000679348 0.05 
0.403344 0.172862 0.288103 0 0 0 0.000679348 0.05 
0.562633 0.187544 0.312574 0 0 0 0.000679348 0.05 
0.740941 0.202075 0.336791 0 0 0 0.000679348 0.05 
-0.759363 0.345165 0.345165 0 0 0 0.000679348 0.05 
-0.581257 0.322921 0.322921 0 0 0 0.000679348 0.05 
-0.421517 0.301083 0.301083 0 0 0 0.000679348 0.05 
-0.280895 0.280895 0.280895 0 0 0 0.000679348 0.05 
-0.158724 0.26454 0.26454 0 0 0 0.000679348 0.05 
-0.0510153 0.255077 0.255077 0 0 0 0.000679348 0.05 
0.0510153 0.255077 0.255077 0 0 0 0.000679348 0.05 
0.158724 0.26454 0.26454 0 0 0 0.000679348 0.05 
0.280895 0.280895 0.280895 0 0 0 0.000679348 0.05 
0.421517 0.301083 0.301083 0 0 0 0.000679348 0.05 
0.581257 0.322921 0.322921 0 0 0 0.000679348 0.05 
0.759363 0.345165 0.345165 0 0 0 0.000679348 0.05 
-0.78471 0.499361 0.356686 0 0 0 0.000679348 0.05 
-0.606224 0.471508 0.336791 0 0 0 0.000679348 0.05 
-0.445023 0.445023 0.317873 0 0 0 0.000679348 0.05 
-0.301083 0.421517 0.301083 0 0 0 0.000679348 0.05 
-0.172862 0.403344 0.288103 0 0 0 0.000679348 0.05 
-0.0561789 0.393252 0.280895 0 0 0 0.000679348 0.05 
0.0561789 0.393252 0.280895 0 0 0 0.000679348 0.05 
0.172862 0.403344 0.288103 0 0 0 0.000679348 0.05 
0.301083 0.421517 0.301083 0 0 0 0.000679348 0.05 
0.445023 0.445023 0.317873 0 0 0 0.000679348 0.05 
0.606224 0.471508 0.336791 0 0 0 0.000679348 0.05 
0.78471 0.499361 0.356686 0 0 0 0.000679348 0.05 
-0.635347 0.635347 0.35297 0 0 0 0.000679348 0.05 
-0.471508 0.606224 0.336791 0 0 0 0.000679348 0.05 
-0.322921 0.581257 0.322921 0 0 0 0.000679348 0.05 
-0.187544 0.562633 0.312574 0 0 0 0.000679348 0.05 
-0.061398 0.552582 0.30699 0 0 0 0.000679348 0.05 
0.061398 0.552582 0.30699 0 0 0 0.000679348 0.05 
0.187544 0.562633 0.312574 0 0 0 0.000679348 0.05 
0.322921 0.581257 0.322921 0 0 0 0.000679348 0.05 
0.471508 0.606224 0.336791 0 0 0 0.000679348 0.05 
0.635347 0.635347 0.35297 0 0 0 0.000679348 0.05 
-0.499361 0.78471 0.356686 0 0 0 0.000679348 0.05 
-0.345165 0.759363 0.345165 0 0 0 0.000679348 0.05 
-0.202075 0.740941 0.336791 0 0 0 0.000679348 0.05 
-0.0664718 0.73119 0.332359 0 0 0 0.000679348 0.05 
0.0664718 0.73119 0.332359 0 0 0 0.000679348 0.05 
0.202075 0.740941 0.336791 0 0 0 0.000679348 0.05 
0.345165 0.759363 0.345165 0 0 0 0.000679348 0.05 
0.499361 0.78471 0.356686 0 0 0 0.000679348 0.05 
-0.0713373 0.927385 0.356686 0 0 0 0.000679348 0.05 
0.0713373 0.927385 0.356686 0 0 0 0.000679348 0.05 
-0.356686 -0.78471 0.499361 0 0 0 0.000679348 0.05 
-0.20948 -0.768093 0.488787 0 0 0 0.000679348 0.05 
-0.069033 -0.759363 0.483231 0 0 0 0.000679348 0.05 
0.069033 -0.759363 0.483231 0 0 0 0.000679348 0.05 
0.20948 -0.768093 0.488787 0 0 0 0.000679348 0.05 
0.356686 -0.78471 0.499361 0 0 0 0.000679348 0.05 
-0.488787 -0.62844 0.488787 0 0 0 0.000679348 0.05 
-0.336791 -0.606224 0.471508 0 0 0 0.000679348 0.05 
-0.196645 -0.589935 0.458838 0 0 0 0.000679348 0.05 
-0.0645841 -0.581257 0.452089 0 0 0 0.000679348 0.05 
0.0645841 -0.581257 0.452089 0 0 0 0.000679348 0.05 
0.196645 -0.589935 0.458838 0 0 0 0.000679348 0.05 
0.336791 -0.606224 0.471508 0 0 0 0.000679348 0.05 
0.488787 -0.62844 0.488787 0 0 0 0.000679348 0.05 
-0.62844 -0.488787 0.488787 0 0 0 0.000679348 0.05 
-0.465302 -0.465302 0.465302 0 0 0 0.000679348 0.05 
-0.317873 -0.445023 0.445023 0 0 0 0.000679348 0.05 
-0.184194 -0.429786 0.429786 0 0 0 0.000679348 0.05 
-0.0602167 -0.421517 0.421517 0 0 0 0.000679348 0.05 
0.0602167 -0.421517 0.421517 0 0 0 0.000679348 0.05 
0.184194 -0.429786 0.429786 0 0 0 0.000679348 0.05 
0.317873 -0.445023 0.445023 0 0 0 0.000679348 0.05 
0.465302 -0.465302 0.465302 0 0 0 0.000679348 0.05 
0.62844 -0.488787 0.488787 0 0 0 0.000679348 0.05 
-0.78471 -0.356686 0.499361 0 0 0 0.000679348 0.05 
-0.606224 -0.336791 0.471508 0 0 0 0.000679348 0.05 
-0.445023 -0.317873 0.445023 0 0 0 0.000679348 0.05 
-0.301083 -0.301083 0.421517 0 0 0 0.000679348 0.05 
-0.172862 -0.288103 0.403344 0 0 0 0.000679348 0.05 
-0.0561789 -0.280895 0.393252 0 0 0 0.000679348 0.05 
0.0561789 -0.280895 0.393252 0 0 0 0.000679348 0.05 
0.172862 -0.288103 0.403344 0 0 0 0.000679348 0.05 
0.301083 -0.301083 0.421517 0 0 0 0.000679348 0.05 
0.445023 -0.317873 0.445023 0 0 0 0.000679348 0.05 
0.606224 -0.336791 0.471508 0 0 0 0.000679348 0.05 
0.78471 -0.356686 0.499361 0 0 0 0.000679348 0.05 
-0.768093 -0.20948 0.488787 0 0 0 0.000679348 0.05 
-0.589935 -0.196645 0.458838 0 0 0 0.000679348 0.05 
-0.429786 -0.184194 0.429786 0 0 0 0.000679348 0.05 
-0.288103 -0.172862 0.403344 0 0 0 0.000679348 0.05 
-0.163851 -0.163851 0.382318 0 0 0 0.000679348 0.05 
-0.052908 -0.158724 0.370356 0 0 0 0.000679348 0.05 
0.052908 -0.158724 0.370356 0 0 0 0.000679348 0.05 
0.163851 -0.163851 0.382318 0 0 0 0.000679348 0.05 
0.288103 -0.172862 0.403344 0 0 0 0.000679348 0.05 
0.429786 -0.184194 0.429786 0 0 0 0.000679348 0.05 
0.589935 -0.196645 0.458838 0 0 0 0.000679348 0.05 
0.768093 -0.20948 0.488787 0 0 0 0.000679348 0.05 
-0.759363 -0.069033 0.483231 0 0 0 0.000679348 0.05 
-0.581257 -0.0645841 0.452089 0 0 0 0.000679348 0.05 
-0.421517 -0.0602167 0.421517 0 0 0 0.000679348 0.05 
-0.280895 -0.0561789 0.393252 0 0 0 0.000679348 0.05 
-0.158724 -0.052908 0.370356 0 0 0 0.000679348 0.05 
-0.0510153 -0.0510153 0.357107 0 0 0 0.000679348 0.05 
0.0510153 -0.0510153 0.357107 0 0 0 0.000679348 0.05 
0.158724 -0.052908 0.370356 0 0 0 0.000679348 0.05 
0.280895 -0.0561789 0.393252 0 0 0 0.000679348 0.05 
0.421517 -0.0602167 0.421517 0 0 0 0.000679348 0.05 
0.581257 -0.0645841 0.452089 0 0 0 0.000679348 0.05 
0.759363 -0.069033 0.483231 0 0 0 0.000679348 0.05 
-0.759363 0.069033 0.483231 0 0 0 0.000679348 0.05 
-0.581257 0.0645841 0.452089 0 0 0 0.000679348 0.05 
-0.421517 0.0602167 0.421517 0 0 0 0.000679348 0.05 
-0.280895 0.0561789 0.393252 0 0 0 0.000679348 0.05 
-0.158724 0.052908 0.370356 0 0 0 0.000679348 0.05 
-0.0510153 0.0510153 0.357107 0 0 0 0.000679348 0.05 
0.0510153 0.0510153 0.357107 0 0 0 0.000679348 0.05 
0.158724 0.052908 0.370356 0 0 0 0.000679348 0.05 
0.280895 0.0561789 0.393252 0 0 0 0.000679348 0.05 
0.421517 0.0602167 0.421517 0 0 0 0.000679348 0.05 
0.581257 0.0645841 0.452089 0 0 0 0.000679348 0.05 
0.759363 0.069033 0.483231 0 0 0 0.000679348 0.05 
-0.768093 0.20948 0.488787 0 0 0 0.000679348 0.05 
-0.589935 0.196645 0.458838 0 0 0 0.000679348 0.05 
-0.429786 0.184194 0.429786 0 0 0 0.000679348 0.05 
-0.288103 0.172862 0.403344 0 0 0 0.000679348 0.05 
-0.163851 0.163851 0.382318 0 0 0 0.000679348 0.05 
-0.052908 0.158724 0.370356 0 0 0 0.000679348 0.05 
0.052908 0.158724 0.370356 0 0 0 0.000679348 0.05 
0.163851 0.163851 0.382318 0 0 0 0.000679348 0.05 
0.288103 0.172862 0.403344 0 0 0 0.000679348 0.05 
0.429786 0.184194 0.429786 0 0 0 0.000679348 0.05 
0.589935 0.196645 0.458838 0 0 0 0.000679348 0.05 
0.768093 0.20948 0.488787 0 0 0 0.000679348 0.05 
-0.78471 0.356686 0.499361 0 0 0 0.000679348 0.05 
-0.606224 0.336791 0.471508 0 0 0 0.000679348 0.05 
-0.445023 0.317873 0.445023 0 0 0 0.000679348 0.05 
-0.301083 0.301083 0.421517 0 0 0 0.000679348 0.05 
-0.172862 0.288103 0.403344 0 0 0 0.000679348 0.05 
-0.0561789 0.280895 0.393252 0 0 0 0.000679348 0.05 
0.0561789 0.280895 0.393252 0 0 0 0.000679348 0.05 
0.172862 0.288103 0.403344 0 0 0 0.000679348 0.05 
0.301083 0.301083 0.421517 0 0 0 0.000679348 0.05 
0.445023 0.317873 0.445023 0 0 0 0.000679348 0.05 
0.606224 0.336791 0.471508 0 0 0 0.000679348 0.05 
0.78471 0.356686 0.499361 0 0 0 0.000679348 0.05 
-0.62844 0.488787 0.488787 0 0 0 0.000679348 0.05 
-0.465302 0.465302 0.465302 0 0 0 0.000679348 0.05 
-0.317873 0.445023 0.445023 0 0 0 0.000679348 0.05 
-0.184194 0.429786 0.429786 0 0 0 0.000679348 0.05 
-0.0602167 0.421517 0.421517 0 0 0 0.000679348 0.05 
0.0602167 0.421517 0.421517 0 0 0 0.000679348 0.05 
0.184194 0.429786 0.429786 0 0 0 0.000679348 0.05 
0.317873 0.445023 0.445023 0 0 0 0.000679348 0.05 
0.465302 0.465302 0.465302 0 0 0 0.000679348 0.05 
0.62844 0.488787 0.488787 0 0 0 0.000679348 0.05 
-0.488787 0.62844 0.488787 0 0 0 0.000679348 0.05 
-0.336791 0.606224 0.471508 0 0 0 0.000679348 0.05 
-0.196645 0.589935 0.458838 0 0 0 0.000679348 0.05 
-0.0645841 0.581257 0.452089 0 0 0 0.000679348 0.05 
0.0645841 0.581257 0.452089 0 0 0 0.000679348 0.05 
0.196645 0.589935 0.458838 0 0 0 0.000679348 0.05 
0.336791 0.606224 0.471508 0 0 0 0.000679348 0.05 
0.488787 0.62844 0.488787 0 0 0 0.000679348 0.05 
-0.356686 0.78471 0.499361 0 0 0 0.000679348 0.05 
-0.20948 0.768093 0.488787 0 0 0 0.000679348 0.05 
-0.069033 0.759363 0.483231 0 0 0 0.000679348 0.05 
0.069033 0.759363 0.483231 0 0 0 0.000679348 0.05 
0.20948 0.768093 0.488787 0 0 0 0.000679348 0.05 
0.356686 0.78471 0.499361 0 0 0 0.000679348 0.05 
-0.35297 -0.635347 0.635347 0 0 0 0.000679348 0.05 
-0.207099 -0.621297 0.621297 0 0 0 0.000679348 0.05 
-0.0682111 -0.6139 0.6139 0 0 0 0.000679348 0.05 
0.0682111 -0.6139 0.6139 0 0 0 0.000679348 0.05 
0.207099 -0.621297 0.621297 0 0 0 0.000679348 0.05 
0.35297 -0.635347 0.635347 0 0 0 0.000679348 0.05 
-0.488787 -0.488787 0.62844 0 0 0 0.000679348 0.05 
-0.336791 -0.471508 0.606224 0 0 0 0.000679348 0.05 
-0.196645 -0.458838 0.589935 0 0 0 0.000679348 0.05 
-0.0645841 -0.452089 0.581257 0 0 0 0.000679348 0.05 
0.0645841 -0.452089 0.581257 0 0 0 0.000679348 0.05 
0.196645 -0.458838 0.589935 0 0 0 0.000679348 0.05 
0.336791 -0.471508 0.606224 0 0 0 0.000679348 0.05 
0.488787 -0.488787 0.62844 0 0 0 0.000679348 0.05 
-0.635347 -0.35297 0.635347 0 0 0 0.000679348 0.05 
-0.471508 -0.336791 0.606224 0 0 0 0.000679348 0.05 
-0.322921 -0.322921 0.581257 0 0 0 0.000679348 0.05 
-0.187544 -0.312574 0.562633 0 0 0 0.000679348 0.05 
-0.061398 -0.30699 0.552582 0 0 0 0.000679348 0.05 
0.061398 -0.30699 0.552582 0 0 0 0.000679348 0.05 
0.187544 -0.312574 0.562633 0 0 0 0.000679348 0.05 
0.322921 -0.322921 0.581257 0 0 0 0.000679348 0.05 
0.471508 -0.336791 0.606224 0 0 0 0.000679348 0.05 
0.635347 -0.35297 0.635347 0 0 0 0.000679348 0.05 
-0.621297 -0.207099 0.621297 0 0 0 0.000679348 0.05 
-0.458838 -0.196645 0.589935 0 0 0 0.000679348 0.05 
-0.312574 -0.187544 0.562633 0 0 0 0.000679348 0.05 
-0.18065 -0.18065 0.54195 0 0 0 0.000679348 0.05 
-0.0589615 -0.176884 0.530653 0 0 0 0.000679348 0.05 
0.0589615 -0.176884 0.530653 0 0 0 0.000679348 0.05 
0.18065 -0.18065 0.54195 0 0 0 0.000679348 0.05 
0.312574 -0.187544 0.562633 0 0 0 0.000679348 0.05 
0.458838 -0.196645 0.589935 0 0 0 0.000679348 0.05 
0.621297 -0.207099 0.621297 0 0 0 0.000679348 0.05 
-0.6139 -0.0682111 0.6139 0 0 0 0.000679348 0.05 
-0.452089 -0.0645841 0.581257 0 0 0 0.000679348 0.05 
-0.30699 -0.061398 0.552582 0 0 0 0.000679348 0.05 
-0.176884 -0.0589615 0.530653 0 0 0 0.000679348 0.05 
-0.0576206 -0.0576206 0.518585 0 0 0 0.000679348 0.05 
0.0576206 -0.0576206 0.518585 0 0 0 0.000679348 0.05 
0.176884 -0.0589615 0.530653 0 0 0 0.000679348 0.05 
0.30699 -0.061398 0.552582 0 0 0 0.000679348 0.05 
0.452089 -0.0645841 0.581257 0 0 0 0.000679348 0.05 
0.6139 -0.0682111 0.6139 0 0 0 0.000679348 0.05 
-0.6139 0.0682111 0.6139 0 0 0 0.000679348 0.05 
-0.452089 0.0645841 0.581257 0 0 0 0.000679348 0.05 
-0.30699 0.061398 0.552582 0 0 0 0.000679348 0.05 
-0.176884 0.0589615 0.530653 0 0 0 0.000679348 0.05 
-0.0576206 0.0576206 0.518585 0 0 0 0.000679348 0.05 
0.0576206 0.0576206 0.518585 0 0 0 0.000679348 0.05 
0.176884 0.0589615 0.530653 0 0 0 0.000679348 0.05 
0.30699 0.061398 0.552582 0 0 0 0.000679348 0.05 
0.452089 0.0645841 0.581257 0 0 0 0.000679348 0.05 
0.6139 0.0682111 0.6139 0 0 0 0.000679348 0.05 
-0.621297 0.207099 0.621297 0 0 0 0.000679348 0.05 
-0.458838 0.196645 0.589935 0 0 0 0.000679348 0.05 
-0.312574 0.187544 0.562633 0 0 0 0.000679348 0.05 
-0.18065 0.18065 0.54195 0 0 0 0.000679348 0.05 
-0.0589615 0.176884 0.530653 0 0 0 0.000679348 0.05 
0.0589615 0.176884 0.530653 0 0 0 0.000679348 0.05 
0.18065 0.18065 0.54195 0 0 0 0.000679348 0.05 
0.312574 0.187544 0.562633 0 0 0 0.000679348 0.05 
0.458838 0.196645 0.589935 0 0 0 0.000679348 0.05 
0.621297 0.207099 0.621297 0 0 0 0.000679348 0.05 
-0.635347 0.35297 0.635347 0 0 0 0.000679348 0.05 
-0.471508 0.336791 0.606224 0 0 0 0.000679348 0.05 
-0.322921 0.322921 0.581257 0 0 0 0.000679348 0.05 
-0.187544 0.312574 0.562633 0 0 0 0.000679348 0.05 
-0.061398 0.30699 0.552582 0 0 0 0.000679348 0.05 
0.061398 0.30699 0.552582 0 0 0 0.000679348 0.05 
0.187544 0.312574 0.562633 0 0 0 0.000679348 0.05 
0.322921 0.322921 0.581257 0 0 0 0.000679348 0.05 
0.471508 0.336791 0.606224 0 0 0 0.000679348 0.05 
0.635347 0.35297 0.635347 0 0 0 0.000679348 0.05 
-0.488787 0.488787 0.62844 0 0 0 0.000679348 0.05 
-0.336791 0.471508 0.606224 0 0 0 0.000679348 0.05 
-0.196645 0.458838 0.589935 0 0 0 0.000679348 0.05 
-0.0645841 0.452089 0.581257 0 0 0 0.000679348 0.05 
0.0645841 0.452089 0.581257 0 0 0 0.000679348 0.05 
0.196645 0.458838 0.589935 0 0 0 0.000679348 0.05 
0.336791 0.471508 0.606224 0 0 0 0.000679348 0.05 
0.488787 0.488787 0.62844 0 0 0 0.000679348 0.05 
-0.35297 0.635347 0.635347 0 0 0 0.000679348 0.05 
-0.207099 0.621297 0.621297 0 0 0 0.000679348 0.05 
-0.0682111 0.6139 0.6139 0 0 0 0.000679348 0.05 
0.0682111 0.6139 0.6139 0 0 0 0.000679348 0.05 
0.207099 0.621297 0.621297 0 0 0 0.000679348 0.05 
0.35297 0.635347 0.635347 0 0 0 0.000679348 0.05 
-0.356686 -0.499361 0.78471 0 0 0 0.000679348 0.05 
-0.20948 -0.488787 0.768093 0 0 0 0.000679348 0.05 
-0.069033 -0.483231 0.759363 0 0 0 0.000679348 0.05 
0.069033 -0.483231 0.759363 0 0 0 0.000679348 0.05 
0.20948 -0.488787 0.768093 0 0 0 0.000679348 0.05 
0.356686 -0.499361 0.78471 0 0 0 0.000679348 0.05 
-0.499361 -0.356686 0.78471 0 0 0 0.000679348 0.05 
-0.345165 -0.345165 0.759363 0 0 0 0.000679348 0.05 
-0.202075 -0.336791 0.740941 0 0 0 0.000679348 0.05 
-0.0664718 -0.332359 0.73119 0 0 0 0.000679348 0.05 
0.0664718 -0.332359 0.73119 0 0 0 0.000679348 0.05 
0.202075 -0.336791 0.740941 0 0 0 0.000679348 0.05 
0.345165 -0.345165 0.759363 0 0 0 0.000679348 0.05 
0.499361 -0.356686 0.78471 0 0 0 0.000679348 0.05 
-0.488787 -0.20948 0.768093 0 0 0 0.000679348 0.05 
-0.336791 -0.202075 0.740941 0 0 0 0.000679348 0.05 
-0.196645 -0.196645 0.721032 0 0 0 0.000679348 0.05 
-0.0645841 -0.193752 0.710425 0 0 0 0.000679348 0.05 
0.0645841 -0.193752 0.710425 0 0 0 0.000679348 0.05 
0.196645 -0.196645 0.721032 0 0 0 0.000679348 0.05 
0.336791 -0.202075 0.740941 0 0 0 0.000679348 0.05 
0.488787 -0.20948 0.768093 0 0 0 0.000679348 0.05 
-0.483231 -0.069033 0.759363 0 0 0 0.000679348 0.05 
-0.332359 -0.0664718 0.73119 0 0 0 0.000679348 0.05 
-0.193752 -0.0645841 0.710425 0 0 0 0.000679348 0.05 
-0.0635747 -0.0635747 0.699322 0 0 0 0.000679348 0.05 
0.0635747 -0.0635747 0.699322 0 0 0 0.000679348 0.05 
0.193752 -0.0645841 0.710425 0 0 0 0.000679348 0.05 
0.332359 -0.0664718 0.73119 0 0 0 0.000679348 0.05 
0.483231 -0.069033 0.759363 0 0 0 0.000679348 0.05 
-0.483231 0.069033 0.759363 0 0 0 0.000679348 0.05 
-0.332359 0.0664718 0.73119 0 0 0 0.000679348 0.05 
-0.193752 0.0645841 0.710425 0 0 0 0.000679348 0.05 
-0.0635747 0.0635747 0.699322 0 0 0 0.000679348 0.05 
0.0635747 0.0635747 0.699322 0 0 0 0.000679348 0.05 
0.193752 0.0645841 0.710425 0 0 0 0.000679348 0.05 
0.332359 0.0664718 0.73119 0 0 0 0.000679348 0.05 
0.483231 0.069033 0.759363 0 0 0 0.000679348 0.05 
-0.488787 0.20948 0.768093 0 0 0 0.000679348 0.05 
-0.336791 0.202075 0.740941 0 0 0 0.000679348 0.05 
-0.196645 0.196645 0.721032 0 0 0 0.000679348 0.05 
-0.0645841 0.193752 0.710425 0 0 0 0.000679348 0.05 
0.0645841 0.193752 0.710425 0 0 0 0.000679348 0.05 
0.196645 0.196645 0.721032 0 0 0 0.000679348 0.05 
0.336791 0.202075 0.740941 0 0 0 0.000679348 0.05 
0.488787 0.20948 0.768093 0 0 0 0.000679348 0.05 
-0.499361 0.356686 0.78471 0 0 0 0.000679348 0.05 
-0.345165 0.345165 0.759363 0 0 0 0.000679348 0.05 
-0.202075 0.336791 0.740941 0 0 0 0.000679348 0.05 
-0.0664718 0.332359 0.73119 0 0 0 0.000679348 0.05 
0.0664718 0.332359 0.73119 0 0 0 0.000679348 0.05 
0.202075 0.336791 0.740941 0 0 0 0.000679348 0.05 
0.345165 0.345165 0.759363 0 0 0 0.000679348 0.05 
0.499361 0.356686 0.78471 0 0 0 0.000679348 0.05 
-0.356686 0.499361 0.78471 0 0 0 0.000679348 0.05 
-0.20948 0.488787 0.768093 0 0 0 0.000679348 0.05 
-0.069033 0.483231 0.759363 0 0 0 0.000679348 0.05 
0.069033 0.483231 0.759363 0 0 0 0.000679348 0.05 
0.20948 0.488787 0.768093 0 0 0 0.000679348 0.05 
0.356686 0.499361 0.78471 0 0 0 0.000679348 0.05 
-0.0713373 -0.356686 0.927385 0 0 0 0.000679348 0.05 
0.0713373 -0.356686 0.927385 0 0 0 0.000679348 0.05 
-0.211782 -0.211782 0.917723 0 0 0 0.000679348 0.05 
-0.0698266 -0.20948 0.907746 0 0 0 0.000679348 0.05 
0.0698266 -0.20948 0.907746 0 0 0 0.000679348 0.05 
0.211782 -0.211782 0.917723 0 0 0 0.000679348 0.05 
-0.356686 -0.0713373 0.927385 0 0 0 0.000679348 0.05 
-0.20948 -0.0698266 0.907746 0 0 0 0.000679348 0.05 
-0.069033 -0.069033 0.897429 0 0 0 0.000679348 0.05 
0.069033 -0.069033 0.897429 0 0 0 0.000679348 0.05 
0.20948 -0.0698266 0.907746 0 0 0 0.000679348 0.05 
0.356686 -0.0713373 0.927385 0 0 0 0.000679348 0.05 
-0.356686 0.0713373 0.927385 0 0 0 0.000679348 0.05 
-0.20948 0.0698266 0.907746 0 0 0 0.000679348 0.05 
-0.069033 0.069033 0.897429 0 0 0 0.000679348 0.05 
0.069033 0.069033 0.897429 0 0 0 0.000679348 0.05 
0.20948 0.0698266 0.907746 0 0 0 0.000679348 0.05 
0.356686 0.0713373 0.927385 0 0 0 0.000679348 0.05 
-0.211782 0.211782 0.917723 0 0 0 0.000679348 0.05 
-0.0698266 0.20948 0.907746 0 0 0 0.000679348 0.05 
0.0698266 0.20948 0.907746 0 0 0 0.000679348 0.05 
0.211782 0.211782 0.917723 0 0 0 0.000679348 0.05 
-0.0713373 0.356686 0.927385 0 0 0 0.000679348 0.05 
0.0713373 0.356686 0.927385 0 0 0 0.000679348 0.05 
